                 V_V1	             Id(M1)@1	             Id(M1)@2	             Id(M1)@3	             Id(M1)@4	             Id(M1)@5	             Id(M1)@6	             Id(M1)@7	             Id(M1)@8	             Id(M1)@9	            Id(M1)@10	            Id(M1)@11	            Id(M1)@12	            Id(M1)@13	            Id(M1)@14	            Id(M1)@15	            Id(M1)@16	            Id(M1)@17	            Id(M1)@18	            Id(M1)@19	            Id(M1)@20	            Id(M1)@21
                    0	                    0	                    0	                    0	                    0	                    0	                    0	                    0	                    0	                    0	                    0	                    0	                    0	                    0	                    0	                    0	                    0	                    0	                    0	                    0	                    0	                    0
                 0.05	2.63460588030284e-005	 3.7335939850891e-005	4.74715561722405e-005	5.70271477045026e-005	6.61494923406281e-005	7.49292084947228e-005	 8.3427396020852e-005	9.16878270800225e-005	9.97432725853287e-005	 0.000107619103800971	 0.000115335518785287	  0.00012290891027078	 0.000130352840642445	 0.000137678696773946	 0.000144896199344657	 0.000152013642946258	 0.000159038303536363	 0.000165976482094266	 0.000172833795659244	 0.000179615191882476	 0.000186325123650022
                  0.1	4.82380200992338e-005	7.05996135366149e-005	 9.1121401055716e-005	 0.000110416127427015	 0.000128804153064266	 0.000146480320836417	 0.000163574644830078	 0.000180179515155032	  0.00019636373326648	 0.000212180268135853	 0.000227671131142415	  0.00024287031556014	 0.000257805892033502	 0.000272501318249851	 0.000286976603092626	 0.000301248859614134	 0.000315332901664078	 0.000329241738654673	 0.000342986779287457	 0.000356578239006922	 0.000370025110896677
                 0.15	6.57152995700017e-005	9.98242685454898e-005	 0.000130979431560263	  0.00016019465692807	 0.000187990153790452	 0.000214678308111615	 0.000240465727983974	 0.000265498267253861	 0.000289883901132271	 0.000313705415464938	 0.000337028264766559	 0.000359905214281753	 0.000382379716029391	 0.000404488091589883	 0.000426261132815853	 0.000447725178673863	 0.000468903075670823	 0.000489814730826765	 0.000510477751959115	 0.000530907651409507	 0.000551118282601237
                  0.2	7.88139586802572e-005	  0.00012504035839811	 0.000167073041666299	 0.000206388140213676	 0.000243731410591863	 0.000279545987723395	 0.000314122618874535	 0.000347665336448699	 0.000380324403522536	 0.000412214663811028	 0.000443426542915404	 0.000474032800411806	 0.000504093186464161	 0.000533657497726381	 0.000562767963856459	 0.000591460557188839	 0.000619766535237432	 0.000647713022772223	 0.000675323943141848	 0.000702620483934879	 0.000729621504433453
                 0.25	8.75671539688483e-005	 0.000146275880979374	 0.000199427420739084	 0.000249019911279902	 0.000296049984171987	 0.000341104430845007	 0.000384565559215844	 0.000426700251409784	 0.000467704201582819	 0.000507726508658379	 0.000546884024515748	 0.000585270754527301	 0.000622963591013104	 0.000660026562400162	 0.000696513801813126	 0.000732471467927098	 0.000767939432989806	 0.000802952505182475	 0.000837541127111763	 0.000871732365339994	 0.000905550143215805
                  0.3	9.18564983294345e-005	 0.000163556716870517	 0.000228065837291069	 0.000288111594272777	 0.000344966276315972	 0.000399373035179451	 0.000451813190011308	 0.000502621056511998	 0.000552040874026716	 0.000600258004851639	 0.000647417444270104	 0.000693635432980955	 0.000739007024094462	 0.000783611088991165	 0.000827514217235148	 0.000870773161295801	 0.000913436932023615	 0.000955548079218715	 0.000997144030407071	  0.00103825773112476	  0.00107891857624054
                 0.35	9.37392032938078e-005	 0.000176906891283579	 0.000253009930020198	 0.000323683198075742	  0.00039049910265021	 0.000454369815997779	 0.000515882857143879	 0.000575444544665515	  0.00063335063168779	 0.000689824984874576	 0.000745042169000953	 0.000799141998868436	 0.000852238270454109	 0.000904425571206957	 0.000955783470999449	  0.00100637972354889	  0.00105627288576216	  0.00110551342368126	  0.00115414604078978	  0.00120220996905118	  0.00124974001664668
                  0.4	9.52351838350296e-005	 0.000186336270417087	 0.000274279766017571	 0.000355753378244117	 0.000432666129199788	 0.000506111595313996	 0.000576790713239461	  0.00064518628641963	 0.000711648666765541	 0.000776442175265402	 0.000839772750623524	 0.000901804480236024	  0.00096267118351534	  0.00102248357143253	   0.0010813350090757	  0.00113930436782539	  0.00119646009989083	  0.00125286134425551	  0.00130855990573764	   0.0013636015355587	  0.00141802674625069
                 0.45	9.65605140663683e-005	 0.000190669728908688	 0.000291894219117239	 0.000384339538868517	 0.000471483770525083	 0.000554614001885057	   0.0006345518049784	  0.00071186083368957	 0.000786949065513909	 0.000860123429447412	 0.000931622460484505	  0.00100163603201509	  0.00107031862717122	  0.00113779795356095	  0.00120418111328036	  0.00126955937594175	  0.00133401097264141	  0.00139760388992727	  0.00146039738319814	   0.0015224440721795	  0.00158379029016942
                  0.5	9.77818344836123e-005	 0.000193587533431128	 0.000305870809825137	 0.000409458036301658	 0.000506967422552407	 0.000599891762249172	 0.000689180218614638	 0.000775481865275651	 0.000859265099279583	 0.000940881611313671	  0.00102060404606164	  0.00109864911064506	  0.00117519276682287	  0.00125038041733205	   0.0013243337161839	  0.00139715615659952	  0.00146893667988479	  0.00153975200373679	  0.00160966953262687	  0.00167874852195382	   0.0017470414750278
                 0.55	9.89303589449264e-005	 0.000196058201254345	 0.000313781958539039	  0.00043112417915836	 0.000539131520781666	 0.000641958671621978	 0.000740689225494862	 0.000836062186863273	 0.000928609224501997	  0.00101872882805765	  0.00110672926530242	  0.00119285529945046	  0.00127730495296419	  0.00136024213861674	  0.00144180364441127	  0.00152210565283895	  0.00160124781541526	  0.00167931639589369	  0.00175638671498746	     0.00183252512943	  0.00190779031254351
                  0.6	 0.000100023768027313	 0.000198281297343783	 0.000318491598591208	  0.00044935243204236	 0.000567989714909345	  0.00068082771031186	 0.000789091340266168	 0.000893613789230585	 0.000994993140920997	  0.00109367654658854	  0.00119000929407775	   0.0012842653086409	  0.00137666589580476	  0.00146739359479398	  0.00155660114251077	   0.0016444178763777	   0.0017309543909505	  0.00181630672886968	  0.00190055859275162	  0.00198378344066441	  0.00206604646518826
                 0.65	 0.000101073288533371	 0.000200340087758377	 0.000322367763146758	 0.000460244860732928	 0.000593554810620844	 0.000716511101927608	 0.000834398379083723	 0.000948148197494447	  0.00105842784978449	  0.00116573530249298	   0.0012704546097666	  0.00137288949918002	  0.00147328560706228	  0.00157184479758143	   0.0016687362222001	   0.0017641024896875	  0.00185806595254689	  0.00195073254872113	  0.00204219436272979	  0.00213253265246749	  0.00222181878052652
                  0.7	 0.000102086603874341	 0.000202278868528083	 0.000325805274769664	 0.000466829224023968	 0.000615740544162691	 0.000749020429793745	 0.000876621343195438	 0.000999676063656807	  0.00111892388667911	  0.00123491557314992	  0.00134807522408664	  0.00145873776637018	  0.00156717363279313	  0.00167360506020486	   0.0017782177310437	  0.00188116845674813	   0.0019825913477689	   0.0020826025865972	  0.00218130298890173	  0.00227878126315773	  0.00237511587329209
                 0.75	 0.000103069243778009	 0.000204124589799903	 0.000328959140460938	 0.000472230487503111	 0.000627943780273199	 0.000778366753365844	 0.000915770884603262	  0.00104820763226599	  0.00117649103049189	  0.00130122678820044	  0.00142288045026362	  0.00154181907419115	  0.00165833893697709	  0.00177268323022872	  0.00188505463302135	  0.00199562450870872	  0.00210453919135034	  0.00221192510798573	  0.00231789238750935	  0.00242253742180765	  0.00252594565972686
                  0.8	 0.000104025413747877	 0.000205895164981484	 0.000331909395754337	 0.000477003632113338	 0.000636215321719646	 0.000802196154836565	 0.000951857073232532	  0.00109375256579369	  0.00123113882727921	  0.00136467826087028	  0.00149487913586199	  0.00162214227020741	   0.0017467902507633	  0.00186908768955618	  0.00198925519362092	  0.00210747867822647	  0.00222391728311777	  0.00233870814554393	  0.00245197047479451	  0.00256380881182849	  0.00267431582324207
                 0.85	 0.000104958351585083	 0.000207603210583329	 0.000334703858243302	 0.000481369701446965	 0.000643118284642696	 0.000814971455838531	 0.000984889338724315	  0.00113632006105036	  0.00128287600819021	  0.00142527848947793	   0.0015640800120309	   0.0016997157363221	  0.00183253560680896	  0.00196282658725977	  0.00209082709625363	  0.00221673888154328	  0.00234073353931308	   0.0024629591498524	  0.00258354470133781	  0.00270260288380086	  0.00282023381441832
                  0.9	  0.00010587066935841	 0.000209258054383099	 0.000337373785441741	 0.000485443568322808	 0.000649253255687654	 0.000824656221084297	  0.00100622558966279	  0.00117591884918511	  0.00133171130437404	  0.00148303585592657	  0.00163049099501222	  0.00177454727236182	  0.00191558280494064	  0.00205390714108944	  0.00218977802433074	  0.00232341233640909	  0.00245499494485557	  0.00258468533866107	  0.00271262205205858	  0.00283892662264407	  0.00296370615251362
                 0.95	 0.000106764484371524	 0.000210866826819256	 0.000339941005222499	 0.000489294121507555	 0.000654878094792366	 0.000832951162010431	  0.00101952441036701	  0.00120816647540778	  0.00137765274848789	  0.00153795839287341	  0.00169411988463253	  0.00184664444532245	  0.00199593929573894	  0.00214233715087175	  0.00228611519560218	  0.00242750602774322	  0.00256670848466456	  0.00270389346405864	  0.00283920951187611	  0.00297278678044677	  0.00310473958961666
                    1	 0.000107641564682126	 0.000212435144931078	 0.000342421553796157	 0.000492966442834586	 0.000660131685435772	 0.000840405293274671	  0.00103039166424423	  0.00122611946426332	  0.00141944875940681	  0.00159005343448371	  0.00175497401505709	   0.0019160145893693	  0.00207361206412315	  0.00222812336869538	  0.00237984512932599	  0.00252902670763433	  0.00267588091082871	  0.00282059004530311	  0.00296331336721778	   0.0031041894108057	  0.00324334064498544
                 1.05	 0.000108503387309611	 0.000213967519812286	 0.000344827538356185	 0.000496492080856115	 0.000665099069010466	 0.000847279618028551	  0.00103994470555335	   0.0012399583356455	  0.00144327478483319	  0.00163931015413255	  0.00181306048762053	  0.00198266445659101	  0.00214860774576664	  0.00231127231381834	  0.00247097457759082	  0.00262798089534044	  0.00278251827694476	   0.0029347816016525	  0.00308493967168033	  0.00323314056731761	  0.00337951490655541
                  1.1	 0.000109351232822519	 0.000215467662201263	 0.000347168417647481	 0.000499894202221185	 0.000669836881570518	 0.000853722391184419	  0.00104864093009382	  0.00125184806529433	   0.0014604136813432	  0.00167019874788821	  0.00186838593799621	  0.00204660068266094	  0.00222093309275806	    0.002391790272668	  0.00255950959399343	  0.00272437487728894	  0.00288662710227072	  0.00304647372104228	   0.0032040944788605	  0.00335964653640985	  0.00351326842792332
                 1.15	 0.000110186192614492	 0.000216938671655953	 0.000349451787769794	 0.000503190152812749	 0.000674385111778975	  0.00085982761811465	  0.00105672131758183	  0.00126253708731383	  0.00147482031024992	  0.00169082428328693	  0.00190638634376228	  0.00210782955400646	  0.00229059415869415	  0.00246968353167176	  0.00264545646496117	  0.00281821400858462	  0.00298821274191141	  0.00315567222423851	  0.00332078337669373	  0.00348371267318726	  0.00364460679702461
                  1.2	 0.000111009227111936	 0.000218383152969182	 0.000351683818735182	 0.000506393727846444	 0.000678773096296936	 0.000865659210830927	  0.00106433115433902	  0.00127239024732262	  0.00148762867320329	  0.00170784560032189	  0.00193048210348934	   0.0021514967083931	  0.00235759699717164	   0.0025449579115957	  0.00272882054559886	  0.00290950457565486	  0.00308728101663291	  0.00326238269917667	  0.00343501172028482	  0.00360534409992397	  0.00377353490330279
                 1.25	 0.000111821180325933	 0.000219803347135894	 0.000353869661921635	 0.000509515812154859	 0.000683023361489177	  0.00087126309517771	  0.00107156625017524	   0.0012816182570532	  0.00149935507215559	  0.00172284536529332	  0.00195011962205172	  0.00217882893048227	  0.00240522366948426	  0.00261761876754463	   0.0028096076566726	  0.00299825146794319	  0.00318383704870939	  0.00336661050096154	  0.00354678486473858	   0.0037245461717248	  0.00390005833469331
                  1.3	 0.000112622787128203	 0.000221201204112731	 0.000356013624696061	 0.000512565253302455	 0.000687153544276953	 0.000876673555467278	  0.00107849354390055	   0.0012903556926176	  0.00151028612162918	  0.00173650530632585	  0.00196732394397259	  0.00220099044963717	  0.00243539153598249	  0.00266720820218325	  0.00288746529258788	  0.00308446027338505	  0.00327788619324565	  0.00346836051903665	  0.00365610769949853	  0.00384132377803326	  0.00402418151497841
                 1.35	 0.000113414724182803	 0.000222578382818028	 0.000358119374141097	 0.000515549560077488	 0.000691177789121866	 0.000881917017977685	  0.00108516227919608	  0.00129869498778135	  0.00152060075197369	  0.00174919341225177	  0.00198293710127473	  0.00222035706974566	   0.0024599099997431	  0.00269973650574684	  0.00293701770715415	  0.00316523713991046	  0.00336943357251585	  0.00356763764284551	  0.00376298511400819	  0.00395568180829287	  0.00414590956643224
                  1.4	 0.000114197580842301	  0.00022393636754714	 0.000360190082574263	 0.000518474786076695	 0.000695107562933117	 0.000887014379259199	  0.00109160947613418	  0.00130670238286257	  0.00153041956946254	  0.00176113483030349	  0.00199740473181009	  0.00223790411837399	   0.0024813509080559	  0.00272639864124358	  0.00297144567593932	  0.00321417511440814	  0.00344995828345418	  0.00366444676183164	  0.00386742176488042	   0.0040676249191165	  0.00426524644717574
                 1.45	 0.000114971902803518	 0.000225276497076266	 0.000362228485755622	 0.000521346286404878	 0.000698952528182417	 0.000891982461325824	  0.00109786435496062	  0.00131442805286497	  0.00153982825577259	  0.00177247950341553	  0.00201099738478661	  0.00225414545275271	   0.0025007810909301	  0.00274979416280985	  0.00300002307631075	  0.00325011112727225	  0.00349819730035961	  0.00374101451598108	  0.00396936060860753	  0.00417715683579445	  0.00438219727948308
                  1.5	 0.000115738177555613	 0.000226599921006709	 0.000364236999303102	 0.000524168601259589	 0.000702720717526972	 0.000896835117600858	  0.00110395019873977	  0.00132191029842943	  0.00154889037366956	  0.00178333313670009	  0.00202389364130795	  0.00226939120329916	  0.00251876562833786	  0.00277103297412395	  0.00302523653954268	  0.00328038237057626	  0.00353533728048205	  0.00378862651996315	  0.00403793295845389	  0.00427832640707493	  0.00449676578864455
                 1.55	 0.000116496841656044	 0.000227907687076367	 0.000366217747796327	 0.000526945572346449	 0.000706418941263109	 0.000901583873201162	  0.00110988586675376	  0.00132917950395495	  0.00155765470117331	  0.00179377349559218	  0.00203621829859912	  0.00228384556248784	  0.00253564678132534	  0.00279071182012558	  0.00304819433949888	  0.00330727314576507	  0.00356710399501026	  0.00382674811407924	  0.00408504344522953	  0.00434032874181867	  0.00458967918530107
                  1.6	 0.000117248309834395	 0.000229200755711645	 0.000368172593880445	 0.000529680692125112	 0.000710053136572242	 0.000906238507013768	  0.00111568695865572	  0.00133626058232039	  0.00156615942250937	  0.00180386006832123	  0.00204806355759501	  0.00229765172116458	  0.00255165016278625	  0.00280919508077204	  0.00306950509548187	  0.00333185330964625	  0.00359553634189069	  0.00385984033346176	  0.00412399088963866	   0.0043870722874999	  0.00464787520468235
                 1.65	 0.000117992953164503	  0.00023047998547554	 0.000370103225577623	 0.000532376987393945	 0.000713628483936191	 0.000910807284526527	  0.00112136662937701	  0.00134317355696112	  0.00157443550415337	  0.00181363907177001	  0.00205949880182743	   0.0023109142202884	  0.00256693386472762	  0.00282672443427145	  0.00308954599313438	  0.00335472635924816	  0.00362164131365716	  0.00388968945480883	  0.00415826868265867	   0.0044267401099205	  0.00469437940046191
                  1.7	 0.000118731113616377	 0.000231746133067645	 0.000372011185390875	 0.000535037077497691	 0.000717149407137185	 0.000915297481697053	  0.00112693605478853	  0.00134993530809879	  0.00158250797539949	  0.00182314775884151	  0.00207057851366699	  0.00232371245510876	  0.00258161383680999	  0.00284347054548562	  0.00310856918804348	  0.00337627273984253	  0.00364600401371717	  0.00391722517088056	    0.004189423751086	  0.00446209078654647	  0.00473469868302345
                 1.75	 0.000119463111332152	 0.000232999940635636	 0.000373897812096402	 0.000537663465365767	 0.000720619806088507	 0.000919715210329741	  0.00113240466453135	  0.00135656027123332	  0.00159039790742099	  0.00183241628110409	  0.00208134623244405	  0.00233610812574625	  0.00259577832184732	  0.00285955844447017	  0.00312675349414349	  0.00339674996212125	  0.00366899999789894	  0.00394300511106849	  0.00421830313280225	  0.00449445564299822	  0.00477103190496564
                  1.8	 0.000120189237350132	 0.000234242033911869	 0.000375764357158914	 0.000540258246473968	 0.000724043289665133	 0.000924066000152379	  0.00113778084050864	  0.00136306055355817	  0.00159812287893146	  0.00184146990068257	  0.00209183688275516	   0.0023481510579586	  0.00260949577204883	  0.00287508359178901	  0.00314423162490129	  0.00341634219512343	  0.00369088724255562	  0.00396739318966866	  0.00424542976543307	  0.00452459929510951	  0.00480452459305525
                 1.85	 0.000120909768156707	 0.000235473024076782	 0.000377611926523969	 0.000542823283467442	 0.000727422942873091	 0.000928354682400823	  0.00114307168405503	  0.00136944651603699	  0.00160569790750742	  0.00185032957233489	  0.00210208026692271	  0.00235988083295524	  0.00262282113544643	  0.00289012026041746	   0.0031611043959856	  0.00343518680892885	  0.00371185247786343	  0.00399064505472779	  0.00427115429192781	  0.00455300789326429	  0.00483586173504591
                  1.9	 0.000121624958410393	 0.000236693464103155	 0.000379441597033292	 0.000545360438991338	 0.000730761559680104	 0.000932585564441979	  0.00114828371442854	  0.00137572758831084	  0.00161313579883426	   0.0018590132240206	    0.002112100366503	  0.00237133121117949	   0.0026357991155237	  0.00290472828783095	  0.00317745096981525	  0.00345338857732713	  0.00373203516937792	  0.00401294557377696	  0.00429572351276875	  0.00458001345396042	   0.0048654917627573
                 1.95	 0.000122335040941834	  0.00023790386330802	 0.000381254270905629	 0.000547871284652501	 0.000734061643015593	 0.000936762487981468	  0.00115342240314931	  0.00138191157020628	  0.00162044772878289	  0.00186753622256219	  0.00212191813625395	  0.00238252966664732	  0.00264846626669168	  0.00291895586997271	  0.00319333537481725	  0.00347103085368872	  0.00375154358334839	  0.00403443584218621	  0.00431932089850307	  0.00460585486143827	  0.00489372760057449
                    2	 0.000123040226753801	 0.000239104687352665	 0.000383050821255893	 0.000550357217434794	 0.000737325521185994	 0.000940888829063624	  0.00115849287249148	  0.00138800556305796	  0.00162764359265566	  0.00187591172289103	  0.00213155150413513	  0.00239349971525371	    0.002660853555426	  0.00293284351937473	  0.00320880906656384	  0.00348818046040833	  0.00377046316862106	  0.00405522529035807	  0.00434208661317825	  0.00463071092963219	  0.00492079742252827
                 2.05	 0.000123740755952895	 0.000240296401898377	 0.000384832062991336	 0.000552819634322077	   0.0007405552896671	 0.000944967789109796	  0.00116349942982197	  0.00139401573687792	  0.00163473200518638	  0.00188415148295462	  0.00214101560413837	  0.00240426161326468	  0.00267298752442002	   0.0029464247636497	  0.00322391535155475	  0.00350489164702594	  0.00378886284306645	  0.00407540053129196	  0.00436412962153554	  0.00465471902862191	   0.0049468744546175
                  2.1	 0.000124436788610183	 0.000241479385294952	 0.000386598723707721	 0.000555259757675231	 0.000743752811104059	 0.000949002045672387	  0.00116844626609236	  0.00139994802884758	  0.00164172041695565	  0.00189226563088596	  0.00215032417327166	   0.0024148328229785	  0.00268489005975425	   0.0029597282409668	   0.0032386900857091	  0.00352121028117836	   0.0038067998830229	  0.00409503327682614	  0.00438553839921951	  0.00467798765748739	  0.00497209234163165
                 2.15	 0.000125128528452478	 0.000242654059547931	 0.000388351501896977	 0.000557678635232151	   0.0007469198317267	 0.000952994276303798	  0.00117333687376231	   0.0014058070955798	  0.00164861569646746	  0.00190026324708015	  0.00215948885306716	    0.002425228478387	   0.0026965809520334	   0.0029727783985436	  0.00325316423550248	  0.00353717454709113	  0.00382432108744979	  0.00411418080329895	  0.00440638372674584	  0.00470060482621193	  0.00499655865132809
                  2.2	 0.000125816150102764	  0.00024382074479945	 0.000390091066947207	 0.000560077431146055	 0.000750057923141867	 0.000956946809310466	  0.00117817462887615	   0.0014115977101028	  0.00165542413014919	  0.00190815224777907	  0.00216851988807321	  0.00243546208366752	  0.00270807696506381	  0.00298559642396867	  0.00326736411079764	  0.00355281657539308	  0.00384146673604846	  0.00413289247080684	  0.00442672520875931	  0.00472264224663377	  0.00502035999670625
                 2.25	 0.000126499799080193	 0.000244979804847389	 0.000391817971831188	 0.000562457018531859	 0.000753168598748744	 0.000960861740168184	  0.00118296255823225	   0.0014173238305375	  0.00166215095669031	  0.00191593985073268	  0.00217742659151554	  0.00244554528035223	  0.00271939276717603	  0.00299820071086288	   0.0032813127618283	  0.00356816477142274	  0.00385827105492353	  0.00415120925754309	  0.00444661267101765	  0.00474415998905897	  0.00504356762394309
                  2.3	 0.000127179650007747	 0.000246131559833884	 0.000393532827729359	 0.000564818328712136	 0.000756253255531192	 0.000964741047937423	  0.00118770333938301	  0.00142298941500485	  0.00166880118194968	  0.00192363257519901	  0.00218621757812798	  0.00245548877865076	  0.00273054162971675	  0.00301060755737126	  0.00329502951353788	  0.00358324334956706	  0.00387476314790547	  0.00416916701942682	  0.00446608895435929	  0.00476520787924528	  0.00506624253466725
                 2.35	 0.000127855833852664	 0.000247276271693408	 0.000395236071199179	 0.000567162176594138	  0.00075931305764243	 0.000968586537055671	  0.00119239964988083	  0.00142859760671854	  0.00167537946254015	  0.00193123624194413	  0.00219490006566048	   0.0024653016589582	   0.0027415354270488	  0.00302283163182437	  0.00330853229388595	  0.00359807349741459	  0.00389096839353442	  0.00418679602444172	  0.00448518991470337	   0.0047858296893537	  0.00508843408897519
                  2.4	  0.00012852851068601	 0.000248414260568097	 0.000396928284317255	 0.000569489377085119	 0.000762349227443337	 0.000972399895545095	  0.00119705370161682	  0.00143415166530758	  0.00168188964016736	  0.00193875608965755	   0.0022034808062017	  0.00247499253600836	  0.00275238417088985	  0.00303488527424634	  0.00332183670252562	  0.00361267384141684	  0.00390690984204412	  0.00420412281528115	  0.00450394675135612	  0.00480606174096465	   0.0051101865246892
                 2.45	 0.000129197767819278	 0.000249545788392425	 0.000398609874537215	 0.000571800686884671	 0.000765362870879471	  0.00097618269501254	  0.00120166759006679	  0.00143965450115502	  0.00168833578936756	  0.00194619700778276	  0.00221196585334837	  0.00248456886038184	  0.00276309764012694	  0.00304677989333868	  0.00333495624363422	   0.0036270609125495	  0.00392260635271668	  0.00422117067500949	   0.0045223874039948	  0.00482593616470695	  0.00513153662905097
                  2.5	  0.00012986377987545	 0.000250671087997034	 0.000400281278416514	 0.000574096746277064	 0.000768354977481067	 0.000979936448857188	   0.0012062432942912	  0.00144510855898261	  0.00169472116976976	    0.001953563420102	  0.00222036056220531	  0.00249403761699796	   0.0027736839838326	  0.00305852619931102	  0.00334790349006653	  0.00364124937914312	  0.00393807562068105	  0.00423796009272337	  0.00454053562134504	  0.00484548136591911	  0.00515251746401191
                 2.55	 0.000130526634166017	   0.0002517904213164	 0.000401942932512611	 0.000576378137338907	 0.000771326536778361	 0.000983662321232259	  0.00121078279335052	  0.00145051651634276	  0.00170104892458767	  0.00196085940115154	  0.00222867052070796	  0.00250340485945344	  0.00278415088541806	  0.00307013303972781	  0.00336068938486278	  0.00365525274537504	  0.00395333347842097	    0.004254509229213	  0.00455841235816479	  0.00486472202464938	  0.00517315790057182
                  2.6	 0.000131186461658217	 0.000252903962973505	 0.000403595215175301	 0.000578645616769791	 0.000774278363678604	 0.000987361650913954	  0.00121528760064393	  0.00145588058512658	  0.00170732196420431	  0.00196808855980635	  0.00223689991980791	  0.00251267687417567	  0.00279450532980263	  0.00308160902932286	   0.0033733241725713	  0.00366908241994679	  0.00396839389577508	  0.00427083484828472	  0.00457603763788939	  0.00488368049263954	  0.00519348215311766
                 2.65	 0.000131843349663541	 0.000254011974902824	 0.000405238475650549	 0.000580899650231004	 0.000777211389504373	 0.000991035718470812	  0.00121975946240127	  0.00146120274439454	  0.00171354319900274	  0.00197525415569544	  0.00224505318328738	  0.00252185831777751	  0.00280475383624434	  0.00309296138584614	  0.00338581670075655	  0.00368274957872927	  0.00398326944559813	  0.00428695138543844	  0.00459342729300261	  0.00490237539634109	  0.00521351350471377
                  2.7	  0.00013249741459731	 0.000255114660831168	  0.00040687303408049	 0.000583140761591494	 0.000780126312747598	 0.000994685455225408	  0.00122419989202172	  0.00146648497320712	   0.0017197149572894	  0.00198235991410911	  0.00225313426926732	  0.00253095431253314	  0.00281490199267864	  0.00310419779270887	   0.0033981753513217	  0.00369626353494823	  0.00399797083809972	  0.00430287187919021	  0.00461059715598822	  0.00492082443088293	  0.00523327151313424
                 2.75	 0.000133148758322932	 0.000256212166277692	 0.000408499268814921	 0.000585369532927871	 0.000783023948315531	 0.000998312025330961	  0.00122861017007381	  0.00147172925062478	  0.00172583956737071	   0.0019894081633538	  0.00226114667020738	  0.00253996904939413	  0.00282495538704097	  0.00311532407067716	  0.00341040757484734	  0.00370963360182941	  0.00401250924915075	  0.00431860843673348	  0.00462756119668484	  0.00493904389441013	  0.00525277433916926
                  2.8	 0.000133797468151897	 0.000257304724073038	 0.000410117499995977	  0.00058758637169376	 0.000785904936492443	  0.00100191636011004	  0.00123299157712609	   0.0014769370900467	   0.0017319192411378	  0.00199640193022788	  0.00226909387856722	  0.00254890671931207	  0.00283491867594421	  0.00312634604051709	  0.00342252035625279	  0.00372286746278405	  0.00402689399197698	  0.00433417223393917	  0.00464433105662465	  0.00495704775676131	  0.00527203781530261
                 2.85	 0.000134443631395698	 0.000258392508840188	   0.0004117279604543	  0.00058979174355045	 0.000788769975770265	  0.00100549927446991	  0.00123734539374709	  0.00148211012128741	  0.00173795607406646	  0.00200334377586842	  0.00227697915397584	  0.00255777128040791	  0.00284479651600122	  0.00313726952299476	  0.00343451998196542	   0.0037359728012234	  0.00404113298282027	  0.00434957211837173	  0.00466091884300113	  0.00497484859079123	  0.00529107730835676
                  2.9	 0.000135087335365824	 0.000259475666098297	 0.000413330970332026	 0.000591986114159226	 0.000791619648225605	  0.00100906181614846	  0.00124167278409004	  0.00148724997416139	  0.00174395192880183	  0.00201023579575121	  0.00228480505757034	  0.00256656622514129	  0.00285459333099425	  0.00314809940755367	  0.00344641250558198	  0.00374895636923611	  0.00405523460358381	  0.00436481833457947	  0.00467733480036259	  0.00499245850369334	  0.00530990492552519
                 2.95	 0.000135728667373769	 0.000260554341366515	  0.00041492679156363	 0.000594169890973717	 0.000794454535935074	  0.00101260468363762	  0.00124597491230816	  0.00149235792923719	  0.00174990855157375	  0.00201708055101335	  0.00229257461614907	  0.00257529458031058	  0.00286431284621358	  0.00315884011797607	  0.00345820328220725	  0.00376182445324957	  0.00406920630484819	  0.00437991879880428	  0.00469358777627349	  0.00500988820567727	  0.00532853370532393
                    3	 0.000136367700179107	 0.000261628738371655	 0.000416515686083585	 0.000596343481447548	 0.000797275279182941	  0.00101612857542932	  0.00125025259330869	  0.00149743538349867	  0.00175582768861204	  0.00202388013713062	  0.00230029015801847	  0.00258395983837545	  0.00287395855411887	  0.00316949607804418	  0.00346989720128477	  0.00377458287402987	  0.00408305460587144	  0.00439488096162677	  0.00470968708395958	  0.00502714747563004	   0.0053469748236239
                 3.05	 0.000137004521093331	 0.000262698973529041	 0.000418097886722535	 0.000598507176619023	 0.000800082343630493	  0.00101963430643082	  0.00125450687482953	  0.00150248338468373	  0.00176171085331589	  0.00203063618391752	  0.00230795424431562	  0.00259256432764232	  0.00288353418000042	  0.00318007124587893	  0.00348149891942739	  0.00378723698668182	    0.004096785094589	  0.00440971180796623	  0.00472564110532403	  0.00504424516111612	  0.00536523805931211
                  3.1	 0.000137639188324101	 0.000263765163253993	 0.000419673626311123	  0.00060066138394177	 0.000802876253146678	  0.00102312269154936	  0.00125873880460858	  0.00150750344619155	  0.00176755944266915	  0.00203735078684986	  0.00231556897051632	  0.00260111107490957	  0.00289304251782596	  0.00319056934677064	  0.00349301309324801	  0.00379979168064892	  0.00411040475592017	  0.00442441832274199	  0.00474145635962486	  0.00506119010969996	  0.00538333272561431
                 3.15	 0.000138271774630994	 0.000264827482169494	 0.000421243137679994	 0.000602806452661753	 0.000805657531600446	  0.00102659419644624	  0.00126294908113778	  0.00151249638292938	  0.00177337497007102	  0.00204402534291148	  0.00232313643209636	  0.00260960240848362	  0.00290248706005514	  0.00320099387317896	  0.00350444321520627	  0.00381225207820535	  0.00412391778081656	  0.00443900609388947	  0.00475713983178139	  0.00507798977196217	  0.00540126767009497
                  3.2	   0.0001389023673255	 0.000265886046690866	  0.00042280662455596	 0.000604942673817277	  0.00080842652823776	  0.00103004940319806	  0.00126713863573968	  0.00151746335905045	  0.00177915883250535	  0.00205066194757819	  0.00233065849170089	  0.00261804088950157	  0.00291187013499439	  0.00321134808473289	  0.00351579370908439	  0.00382462213747203	  0.00413732975721359	  0.00445348164066672	  0.00477269850671291	  0.00509465159848332	  0.00541905080899596
                 3.25	 0.000139531010063365	 0.000266940973233432	 0.000424364290665835	 0.000607070396654308	  0.00081118376692757	  0.00103348912671208	  0.00127130816690624	  0.00152240542229265	  0.00178491207771003	   0.0020572617650032	  0.00233813747763634	   0.0026264286134392	  0.00292119430378079	  0.00322163524106145	  0.00352706760168076	  0.00383690581656992	  0.00415064534172416	  0.00446784915402532	  0.00478813797235489	  0.00511118164286017	  0.00543668959289789
                  3.3	 0.000140157761052251	 0.000267992378212512	 0.000425916339736432	 0.000609189854003489	 0.000813929596915841	  0.00103691383264959	  0.00127545837312937	  0.00152732350397855	  0.00179063598625362	  0.00206382619217038	  0.00234557455405593	  0.00263476744294167	  0.00293046259321272	  0.00323185767047107	  0.00353826861828566	  0.00384910730645061	  0.00416386872529984	   0.0044821142219007	  0.00480346381664276	  0.00512758642435074	  0.00545419100672007
                 3.35	 0.000140782693051733	 0.000269040407147259	 0.000427462975494564	 0.000611301395110786	 0.000816664542071521	  0.00104032398667187	  0.00127959018573165	  0.00153221841901541	  0.00179633172228932	  0.00207035709172487	  0.00235297158360481	  0.00264305993914604	  0.00293967663310468	  0.00324201863259077	  0.00354939932003617	  0.00386123009957373	  0.00417700363323092	  0.00449628103524446	  0.00481868116185069	  0.00514387199655175	  0.00547156156972051
                  3.4	 0.000141405878821388	 0.000270085118245333	 0.000429004343459383	 0.000613405194599181	 0.000819388835225254	  0.00104372017085552	  0.00128370407037437	   0.0015370910987258	  0.00180200033355504	  0.00207685516215861	  0.00236033019609749	  0.00265130726620555	  0.00294883921742439	  0.00325212045572698	  0.00356046319939196	  0.00387327745556831	  0.00419005425646901	  0.00451035425066948	  0.00483379513025284	  0.00516004301607609	  0.00548880686983466
                 3.45	 0.000142027347465046	 0.000271126686129719	 0.000430540618253872	 0.000615501601714641	 0.000822102942038327	  0.00104710285086185	  0.00128780060913414	  0.00154194224160165	  0.00180764275137335	  0.00208332203328609	  0.00236765202134848	  0.00265951175242662	  0.00295795197598636	  0.00326216570101678	   0.0035714628174901	  0.00388525240123272	  0.00420302432030439	  0.00452433759346604	   0.0048488094471395	  0.00517610553652048	  0.00550593296065927
                  3.5	 0.000142647157190368	 0.000272165139904246	 0.000432071974501014	 0.000617590849287808	 0.000824807153549045	  0.00105047249235213	  0.00129188073333353	  0.00154677289538085	  0.00181326002348214	  0.00208975886926055	  0.00237493822351098	  0.00266767479479313	  0.00296701723709702	  0.00327215623110533	  0.00358240073546767	  0.00389715796336532	   0.0042159166187048	  0.00453823525458574	  0.00486372923478484	  0.00519206374883652	  0.00552294496446848
                 3.55	 0.000143265366205014	 0.000273200625088066	 0.000433598615927622	 0.000619673170149326	 0.000827501819003373	  0.00105382956098765	  0.00129594467580318	  0.00155158352572471	    0.001818853081204	  0.00209616660140455	  0.00238219019956887	  0.00267579802311957	  0.00297603639774024	  0.00328209460712969	  0.00359327951446176	  0.00390899740159512	   0.0042287353426218	  0.00455205049365759	  0.00487855775281787	  0.00520792184397578	  0.00553984753787518
                  3.6	 0.000143882032716647	 0.000274233228992671	 0.000435120629845187	 0.000621748738922179	 0.000830187287647277	   0.0010571745224297	  0.00129999313503504	  0.00155637483112514	  0.00182442273944616	  0.00210254639387131	    0.002389409346506	  0.00268388283438981	  0.00298501155339181	  0.00329198245890439	  0.00360410148277879	  0.00392077257856727	  0.00424148235470057	  0.00456578657031059	  0.00489329965785146	  0.00522368447855115	  0.00555664580315351
                 3.65	 0.000144497200381011	 0.000275263038929552	 0.000436638190876693	  0.00062381784664467	 0.000832863850519061	  0.00106050784233958	  0.00130402680952102	  0.00156114774290472	  0.00182996981311589	  0.00210889941081405	  0.00239659659564495	  0.00269193085841835	  0.00299394433386624	  0.00330182234756649	  0.00361486873589456	  0.00393248675391078	  0.00425416138023138	  0.00457944720983505	  0.00490795774385333	  0.00523935537785292	  0.00557334395125508
     3.69999999999999	 0.000145110912853852	   0.0002762901422102	  0.00043815144454129	 0.000625880726147443	 0.000835531740449369	  0.00106382975354791	  0.00130804593209177	  0.00156590272672474	  0.00183549511712044	   0.0021152263507247	  0.00240375334396958	  0.00269994325935841	  0.00300283613614738	  0.00331161543726921	  0.00362558336928487	  0.00394414179027081	   0.0042667742818594	  0.00459303520619869	  0.00492253573611379	  0.00525493826717138	  0.00558994570747018
     3.74999999999999	 0.000145723228342831	 0.000277314597042277	 0.000439660536358133	  0.00062793749384582	 0.000838191364891827	  0.00106714060530066	  0.00131205120123923	  0.00157064036466181	  0.00184099946636707	  0.00212152814492583	  0.00241088075563312	  0.00270792166702449	  0.00301168882288039	  0.00332136382348835	  0.00363624771125615	  0.00395574001595378	  0.00427932431921363	  0.00460655288770795	  0.00493703689426184	  0.00527043687179685	  0.00560645572841167
     3.79999999999999	 0.000146334161399864	 0.000278336548944935	 0.000441165582742542	 0.000629988382570446	 0.000840842956677079	  0.00107044097967446	  0.00131604284979403	  0.00157536135520786	  0.00184648355934769	  0.00212780595757067	  0.00241797952912748	  0.00271586677990854	  0.00302050332538784	  0.00333106913603842	  0.00364686315879226	  0.00396728422492743	  0.00429181382060051	  0.00462000351399183	  0.00495146401226521	  0.00528585445135832	  0.00562287727370858
     3.84999999999999	 0.000146943799336441	 0.000279356056125835	  0.00044266672921367	 0.000632033566944301	 0.000843486690428108	  0.00107373122591525	  0.00132002169266343	   0.0015800662804395	  0.00185194809455425	   0.0021340602543205	  0.00242505106143653	  0.00272378022782505	  0.00302928150631487	  0.00334073277190328	  0.00365743180736899	  0.00397877534851432	  0.00430424464866519	  0.00463338987901807	  0.00496581988409162	  0.00530119379982352	  0.00563921360298991
     3.89999999999999	 0.000147552142152563	 0.000280373147688806	 0.000444164092186838	 0.000634073279798031	 0.000846122915390879	  0.00107701146043837	  0.00132398784626275	  0.00158475560601801	  0.00185739377047867	  0.00214029219932854	  0.00243209628388286	  0.00273166317492723	  0.00303802452981472	  0.00335035659372807	  0.00366795528680086	  0.00399021664634347	  0.00431661959737539	   0.0046467138454318	  0.00498010730370879	  0.00531645864248276	  0.00565546797588468
     3.94999999999999	 0.000148159262607805	 0.000281387969153002	   0.0004456578171812	 0.000636107695754617	 0.000848751864396036	   0.0010802821489051	   0.0013279418926686	  0.00158942979760468	  0.00186282116919756	  0.00214650225825608	  0.00243911589495838	  0.00273951631970704	  0.00304673356004059	  0.00335994176566601	  0.00367843522690237	  0.00400160858407617	  0.00432894006371498	  0.00465997774153948	  0.00499432906508446	  0.00533165130764246	  0.00567164411768317
     3.99999999999999	 0.000148765175254084	 0.000282400549622253	 0.000447147962404415	 0.000638136931229383	 0.000851373770274222	  0.00108354352414608	  0.00133188418112695	  0.00159408955369145	  0.00186823098920286	  0.00215269136242568	  0.00244611082598567	  0.00274734105914831	  0.00305540999397635	  0.00336948968470097	  0.00368887325748801	  0.00401295395568013	  0.00434120837599039	  0.00467318389564753	  0.00500848703086376	  0.00534677458927035	  0.00568774482235312
     4.04999999999999	 0.000149369923747145	 0.000283410947304219	 0.000448634702479467	  0.00064016121905297	  0.00085398880764842	   0.0010867960518226	  0.00133581506088376	  0.00159873522352427	  0.00187362381257117	  0.00215886021032929	  0.00245308177545667	  0.00275513809174299	  0.00306405453011394	   0.0033790017478168	  0.00369927100837231	  0.00402425415813923	  0.00435342686250806	  0.00468633510172367	  0.00502258446067572	  0.00536183081567287	  0.00570377241820097
     4.09999999999999	 0.000149973566294648	 0.000284419278614223	 0.000450118095614016	 0.000642180617433041	 0.000856597267556936	  0.00109003984834999	  0.00133973499760032	  0.00160336727276444	  0.00187900010496378	  0.00216500973328948	  0.00246003014035523	   0.0027629085816443	  0.00307266879826784	  0.00338847911916673	  0.00370962964370847	  0.00403551058843732	  0.00436559645459056	  0.00469943229109049	  0.00503662275150418	  0.00537682278081775	  0.00571973016485572
     4.14999999999999	 0.000150576117448509	 0.000285425601759925	 0.000451598287327215	   0.0006441954174079	  0.00085919932462275	   0.0010932752629742	  0.00134364422410727	  0.00160798628348857	  0.00188436056487262	  0.00217113993130624	  0.00246695592068136	   0.0027706534601748	     0.00308125349693	  0.00339792296290398	  0.00371995056048036	  0.00404672464355826	  0.00437771948054433	   0.0047124782577157	  0.00505060469731689	   0.0053917532786727	  0.00573562039062381
     4.19999999999999	 0.000151177620864473	 0.000286429916741326	 0.000453075364930555	 0.000646205618977547	 0.000861795211676508	  0.00109650264494121	  0.00134754332248122	   0.0016125924885273	  0.00188970554154366	   0.0021772519685328	  0.00247386051341891	  0.00277837342582643	  0.00308980979025364	   0.0034073346760124	  0.00373023515567183	   0.0040578986518085	  0.00438979733735323	  0.00472547393292189	  0.00506453169509768	  0.00540662370622158	  0.00575144542381167
     4.24999999999999	 0.000151778105646372	 0.000287432369077578	 0.000454549444839358	 0.000648211513180286	 0.000864385103341192	  0.00109972211066633	  0.00135143240913749	  0.00161718646995723	  0.00189503573346883	  0.00218334654346108	  0.00248074438422918	  0.00278606940992177	  0.00309833860956132	  0.00341671518981457	  0.00374048482626677	  0.00406903307884932	  0.00440183142200112	  0.00473842211067677	  0.00507840607315302	  0.00542143639177084	  0.00576720805838704
     4.29999999999999	  0.00015237761544995	 0.000288432987872511	 0.000456020585261285	 0.000650213100016117	 0.000866969232447445	  0.00110293400939554	  0.00135531183332205	  0.00162176846060902	  0.00190035160630941	  0.00218942388892174	   0.0024876082316041	  0.00279374211095273	  0.00310684065334499	  0.00342606566846371	  0.00375070050358772	  0.00408012978732586	  0.00441382406279445	  0.00475132372230291	  0.00509222969412804	  0.00543619366362691	  0.00578291015699506
     4.34999999999999	 0.000152976164827123	 0.000289431831333786	 0.000457488902611658	 0.000652210670523345	  0.00086954771541059	  0.00110613857395947	  0.00135918194428086	  0.00162633904255927	  0.00190565339289606	  0.00219548447057605	  0.00249445252120495	  0.00280139246024191	   0.0031153173185885	  0.00343538704328239	  0.00376088335178792	  0.00409119017422199	  0.00442577572539449	  0.00476418063044548	   0.0051060039550066	  0.00545089691877365	  0.00579855358228087
     4.39999999999999	 0.000153573797433637	 0.000290428928565234	 0.000458954484201968	 0.000654204224701971	  0.00087212078506127	  0.00110933603718877	   0.0013630430912599	  0.00163089856505394	  0.00191094190813601	  0.00220152945257723	  0.00250127818435431	  0.00280902115628123	  0.00312376930378377	  0.00344468024559319	  0.00377103476785123	  0.00410221517086029	  0.00443768873810768	  0.00477699423208833	  0.00511973118409514	  0.00546554895117879	  0.00581414112821221
     4.44999999999999	 0.000154170542373322	 0.000291424395982176	 0.000460417446447536	 0.000656193937174976	 0.000874688616022468	  0.00111252663191408	  0.00136689550708979	  0.00163544726092368	  0.00191621738485992	  0.00220755883492529	   0.0025080859195441	  0.00281662913039327	  0.00313219707459211	  0.00345394620671868	  0.00378115568310022	  0.00411320570856333	  0.00444956356659532	   0.0047897663898766	  0.00513341231271625	   0.0054801506921649	  0.00582967419177294
     4.49999999999999	 0.000154766443301924	 0.000292418233584613	 0.000461877818452194	 0.000658179924357682	 0.000877251382917166	  0.00111571059096605	  0.00137073954101652	  0.00163998547941446	  0.00192148017231375	  0.00221357308328152	  0.00251487595960498	  0.00282421661540866	  0.00314060179516673	  0.00346318609081209	  0.00379124702885747	  0.00412416364997625	  0.00446140207350254	  0.00480249803513289	  0.00514704966917634	  0.00549470447003841	  0.00584515510126948
     4.54999999999999	 0.000155361500219442	 0.000293410528684035	 0.000463335716631263	 0.000660162360873073	 0.000879809202160686	  0.00111888803075999	  0.00137457542587072	  0.00164451380260289	  0.00192673096898943	  0.00221957312896848	  0.00252164923585951	  0.00283178454264998	  0.00314898416399956	  0.00347240059636533	  0.00380130973644555	  0.00413508992642164	  0.00447320519015193	  0.00481519103050232	  0.00516064371913671	   0.0055092116817832	  0.00586058478802443
     4.59999999999999	 0.000155955756781623	 0.000294401310384274	 0.000464791257400066	 0.000662141304928809	 0.000882362248376012	  0.00112205930054188	  0.00137840339448303	  0.00164903223048896	  0.00193196989130229	  0.00222555897198617	  0.00252840598113835	  0.00283933361060917	  0.00315734487958252	  0.00348159065470099	  0.00381134497001767	  0.00414598546922207	  0.00448497431352735	  0.00482784630730748	  0.00517419725656509	  0.00552367372438312	  0.00587596604600549
     4.64999999999999	 0.000156549242092296	 0.000295390636892989	 0.000466244440758601	 0.000664116872940212	 0.000884910754393786	  0.00112522463314235	  0.00138222379609942	  0.00165354134514928	   0.0019371974049136	  0.00223153154365718	  0.00253514689393342	  0.00284686451777816	  0.00316568464040756	  0.00349075673148036	  0.00382135366089642	  0.00415685074403882	  0.00449671037495136	  0.00484046526253223	  0.00518771074712276	  0.00553809246048331	  0.00589130027219653
     4.69999999999999	 0.000157141985255294	 0.000296378566417843	 0.000467695412226021	 0.000666089181322604	  0.00088745477842167	  0.00112838402856141	  0.00138603674713522	   0.0016580413794145	  0.00194241397548467	   0.0022374908439815	  0.00254187267273664	  0.00285437772981822	  0.00317400437779725	  0.00349990022368729	  0.00383133650757372	  0.00416768807917833	  0.00450841430574656	  0.00485304929316044	  0.00520118558779359	  0.00555246928706765	  0.00590658839792013
     4.74999999999999	 0.000157734015374444	 0.000297365157166496	 0.000469144230009988	 0.000668058404698968	 0.000889994553290308	  0.00113153783604503	  0.00138984259683639	  0.00166253256611526	  0.00194761995226145	  0.00224343780428171	  0.00254858355037868	  0.00286187371239066	  0.00318230432458222	  0.00350902136415243	   0.0038412946742028	  0.00417849700897932	  0.00452008796855807	  0.00486559933051467	  0.00521462364122272	  0.00556680513545871	  0.00592183275148273
     4.79999999999999	 0.000158325347001664	 0.000298350409138948	 0.000470590923214331	 0.000670024543069303	 0.000892530137207359	  0.00113468628842384	  0.00139364157803357	  0.00166701513808221	  0.00195281556807458	  0.00224937219172716	  0.00255528022535145	   0.0028693531639874	  0.00319058541208506	  0.00351812108419836	  0.00385122862644494	  0.00418927939608693	   0.0045317318290472	   0.0048781163059175	  0.00522802537307143	  0.00558110233396292	  0.00593703472986817
     4.84999999999999	 0.000158916009240784	  0.00029933440964669	 0.000472035637358204	 0.000671987771056592	 0.000895061704795808	  0.00113782938569784	  0.00139743380714208	  0.00167148967739195	  0.00195800117217004	  0.00225529493764043	  0.00256196293048561	  0.00287681655026972	  0.00319884833879769	  0.00352720031514764	  0.00386113929562271	  0.00420003570616245	  0.00454334681853652	  0.00489060208201408	  0.00524139264598489	  0.00559536134824157	  0.00595219526439905
     4.89999999999999	 0.000159506031195633	 0.000300317187793553	 0.000473478372441605	 0.000673948146868497	 0.000897589430678636	  0.00114096736069769	  0.00140121963340789	  0.00167595606762916	  0.00196317723020911	  0.00226120627485216	  0.00256863236427307	  0.00288426456972957	  0.00320709333755076	  0.00353625928983092	  0.00387102738022804	  0.00421076687052846	   0.0045549338683486	   0.0049030571244657	  0.00525472639128566	  0.00560958404093981	  0.00596731575205922
     4.94999999999999	 0.000160095441970043	 0.000301298801787198	 0.000474919244879857	 0.000675905786920339	 0.000900113373063505	  0.00114410056266934	  0.00140499928966165	  0.00168041489087045	  0.00196834397502244	  0.00226710643619299	  0.00257528899237514	  0.00289169768802822	  0.00321532157249749	  0.00354529893957078	  0.00388089381158352	  0.00422147428616881	   0.0045664943754673	  0.00491548236459494	  0.00526802754029632	  0.00562377087771893	  0.00598239805549383
     4.99999999999999	 0.000160684241564013	 0.000302279251627624	  0.00047635831288062	  0.00067786080762744	 0.000902633706573397	  0.00114722887519747	  0.00140877289231867	  0.00168486626353115	   0.0019735018722713	  0.00227299612015486	   0.0025819328147918	  0.00289911637082696	  0.00322353304363787	  0.00355431996285915	  0.00389073928818107	  0.00423215795308352	  0.00457802880555391	  0.00492787919938564	  0.00528129749000072	  0.00563792372122407	  0.00599744357168674
     5.04999999999999	 0.000161272473633289	 0.000303258624626324	 0.000477795605547726	  0.00067981326719746	 0.000905150489415973	  0.00115035276394337	  0.00141254067420959	  0.00168931053485721	   0.0019786509219557	  0.00227887532673776	  0.00258856476284564	  0.00290652108378708	  0.00323172868229449	  0.00356332282535732	  0.00390056450851262	  0.00424281880259514	  0.00458953808993101	  0.00494024809449911	  0.00529453670606017	  0.00565204350277781	  0.00601245276629925
     5.09999999999999	 0.000161860167281702	 0.000304236949887127	 0.000479231239296496	 0.000681763223838061	 0.000907663954421878	  0.00115347211249173	  0.00141630286816508	  0.00169374770484865	  0.00198379158973694	  0.00228474475443363	  0.00259518506936729	  0.00291391229256988	  0.00323990895412862	  0.00357230845838785	   0.0039103701710701	  0.00425345776602626	  0.00460102315992117	   0.0049525904469192	   0.0053077470511198	  0.00566613161936402	  0.00602742750197649
     5.14999999999999	 0.000162447322509252	 0.000305214285617694	  0.00048066521412693	 0.000683710852172226	 0.000910174159798771	  0.00115658715367317	  0.00142005959060043	  0.00169817835558206	  0.00198892434127629	  0.00229060440324247	   0.0026017939671874	  0.00292129046283662	  0.00324807409197092	  0.00358127686195076	  0.00392015650868416	  0.00426407577469945	  0.00461248448118567	  0.00496490718796849	  0.00532092899084091	  0.00568018853664398	  0.00604236824437976
     5.19999999999999	 0.000163033968419768	 0.000306190631818026	 0.000482097646454349	 0.000685656210407615	 0.000912681280169636	  0.00115969812031835	  0.00142381119076163	  0.00170260237064213	  0.00199404917657375	  0.00229645473882556	  0.00260839215479791	  0.00292865606024861	  0.00325622502714396	  0.00359022920019925	  0.00392992468550801	    0.004274673294276	  0.00462392345070839	  0.00497719878330827	  0.00533408345654607	  0.00569421565160155	   0.0060572768561542
     5.24999999999999	 0.000163620134117082	 0.000307166017591953	 0.000483528565382585	 0.000687599298544228	 0.000915185315534472	  0.00116280512884259	  0.00142755766864866	  0.00170702021569014	  0.00199916632845998	  0.00230229622684419	  0.00261497963219881	  0.00293600955046713	  0.00326436199247837	  0.00359916547313333	  0.00393967516720295	  0.00428525079041719	   0.0046353405341506	   0.0049894661642611	  0.00534721137955785	  0.00570821389555931	   0.0060721542686224
     5.29999999999999	 0.000164205834153108	 0.000308140530250967	 0.000484958058223128	 0.000689540349412709	 0.000917686440516263	  0.00116590841207653	  0.00143129925709218	  0.00171143212355673	  0.00200427626259625	  0.00230812886729836	  0.00262155709788203	  0.00294335116632283	  0.00327248545363545	  0.00360808684490621	  0.00394940841943026	  0.00429580919444561	   0.0046467361971736	  0.00500171026214957	  0.00536031415686011	  0.00572218419983983	  0.00608700141310692
     5.34999999999999	 0.000164791097631678	 0.000309114169795066	 0.000486386124975979	 0.000691479304805398	  0.00092018477153033	  0.00116900785360485	  0.00143503618892282	  0.00171583809424192	  0.00200937921181321	  0.00231395335868001	  0.00262812478467822	  0.00295068160630763	  0.00328059610910714	   0.0036169933155179	  0.00395912537351251	  0.00430634943768382	  0.00465811183676124	  0.00501393154263496	  0.00537339178845286	  0.00573612749576569	  0.00610181922093034
     5.39999999999999	 0.000165375939104706	 0.000310086994431913	  0.00048781288205646	 0.000693416339345276	 0.000922680366784334	  0.00117210380267352	  0.00143876858055592	  0.00172023859340698	  0.00201447540894151	  0.00231976970098913	  0.00263468292541802	  0.00295800087042153	  0.00328869419172406	  0.00362588558346033	   0.0039688260294497	  0.00431687198579311	  0.00466946745291352	  0.00502613140270114	  0.00538644613698125	  0.00575004518032074	  0.00611660862341523
     5.44999999999999	 0.000165960358572192	 0.000311059004161507	 0.000489238300360739	 0.000695351453032345	 0.000925173400901258	  0.00117519625928253	   0.0014424966648221	  0.00172463362105191	  0.00201956508681178	  0.00232557812705636	  0.00264123198576272	  0.00296530988998711	  0.00329677993431687	  0.00363476434722543	   0.0039785117842257	  0.00432737683877349	  0.00468080397695303	  0.00503831030800939	  0.00539947673678398	  0.00576393725350499	  0.00613137055188417
     5.49999999999999	 0.000166544399689883	 0.000312030286295339	  0.00049066252540797	 0.000697284762281924	 0.000927663932088763	  0.00117828557267785	   0.0014462205581367	  0.00172902352642268	  0.00202464824542403	    0.002331379102543	  0.00264777219854295	  0.00297260843217373	  0.00330485426820815	  0.00364362960681319	  0.00398818217217922	  0.00433786539360881	  0.00469212187454104	  0.00505046872422099	  0.00541248545050621	   0.0057778051123023	  0.00614610640332103
     5.54999999999999	 0.000167128077009693	  0.00031300081172958	 0.000492085586301982	 0.000699216325301677	  0.00093015207676217	  0.00118137162644416	  0.00144994037691504	  0.00173340830951929	  0.00202972558327019	  0.00233717286027968	  0.00265430402942002	  0.00297989719547331	  0.00331291719339788	   0.0036524822935462	  0.00399783812463284	  0.00434833765029907	  0.00470342207700014	  0.00506260758265853	  0.00542547274380922	  0.00579164968803525	  0.00616081664338708
     5.59999999999999	 0.000167711405083537	  0.00031397066777572	 0.000493507541250438	 0.000701146258506924	  0.00093263789312914	   0.0011844546534121	  0.00145365635398775	  0.00173778831958771	  0.00203479686751962	   0.0023429598659277	  0.00266082747839391	  0.00298717664554715	  0.00332096940837801	  0.00366132264025509	  0.00400748057290912	  0.00435879500582814	   0.0047147055156529	  0.00507472734898329	  0.00543843908235431	  0.00580547191202641	   0.0061755022034049
     5.64999999999999	 0.000168294413015246	  0.00031493985443376	 0.000494928332045674	 0.000703074561897665	 0.000935121555812657	    0.001187534769997	  0.00145736860577017	  0.00174216378945857	  0.00203986279666424	   0.0023487398866564	  0.00266734324395657	  0.00299444678239524	  0.00332901114597917	  0.00367015111260116	  0.00401710951700807	  0.00436923699453473	  0.00472597219049931	  0.00508682895451784	  0.00545138539746404	  0.00581927178427577	  0.00619016401469707
     5.69999999999999	 0.000168877086252905	  0.00031590840080753	 0.000496348133310676	 0.000705001351889223	  0.00093760306481272	  0.00119061197619885	  0.00146107724867761	  0.00174653471913189	  0.00204492313787341	  0.00235451362095773	  0.00267385132610798	  0.00300170830450952	  0.00333704263903201	  0.00367896794341505	  0.00402672588825226	  0.00437966454774141	  0.00473722256720066	  0.00509891333058476	  0.00546431262046099	  0.00583305070176721	  0.00620480300858617
     5.74999999999999	 0.000169459483004175	  0.00031687636510469	 0.000497766945045441	 0.000706926686689258	 0.000940082536544651	  0.00119368662126362	  0.00146478251554072	  0.00175090145785362	  0.00204997835680842	  0.00236028106883168	  0.00268035219050944	  0.00300896121188998	  0.00334506458602846	  0.00368777406401932	  0.00403632922098041	  0.00439007859677076	  0.00474845804274082	  0.00511098047718406	  0.00547722075134516	    0.005846809130162	  0.00621941965073347
     5.79999999999999	  0.00017004158871714	 0.000317843747325242	 0.000499184825457633	  0.00070885062450543	 0.000942560029216111	  0.00119675870519131	  0.00146848440635949	  0.00175526400562376	  0.00205502845346928	  0.00236604269593954	  0.00268684606999159	  0.00301620620302856	  0.00335307721979916	  0.00369656924158335	  0.00404592137783766	  0.00440047914162278	  0.00475967861711979	  0.00512303085997701	   0.0054901116527617	  0.00586054800078273	  0.00623401533812284
     5.84999999999999	 0.000170623432495631	 0.000318810605676845	  0.00050060183275491	 0.000710773223545402	 0.000945035717450082	  0.00119982822798193	  0.00147218315396458	  0.00175962271168828	  0.00206007389351726	  0.00237179850228131	  0.00269333319738507	  0.00302344304509461	  0.00336108077317476	   0.0037053544074297	  0.00405550142750144	  0.00441086664795876	  0.00477088475599885	  0.00513506587594748	  0.00550298439338803	  0.00587426824495196	  0.00624859007075429
     5.89999999999999	 0.000171205043443479	   0.0003197769401595	 0.000502017966937274	 0.000712694542016834	 0.000947509659454226	  0.00120289553888142	  0.00147587899118662	  0.00176397757604718	  0.00206511490978301	  0.00237754872068763	  0.00269981380552053	  0.00303067266941071	  0.00336907571181655	  0.00371412979438901	  0.00406507076695561	  0.00442124158143997	  0.00478207692503929	  0.00514708599075675	  0.00551584083586931	  0.00588796986266971	  0.00626314524561167
     5.94999999999999	 0.000171786407008767	 0.000320742808980867	 0.000503433286212385	 0.000714614696335047	 0.000949981913436204	  0.00120596052147448	  0.00147957180161029	  0.00176832894794643	  0.00207015126943588	  0.00238329381681979	  0.00270628836005926	   0.0030378948431462	  0.00337706250138581	  0.00372289563529193	  0.00407462893053889	  0.00443160487338901	  0.00479325605556369	  0.00515909073874354	  0.00552868144586682	  0.00590165425091982	  0.00627768132835627
     5.99999999999999	 0.000172367581399158	 0.000321708212140948	 0.000504847848787904	 0.000716533686500043	 0.000952452537603676	  0.00120902329217643	  0.00148326193448156	  0.00177267682738602	  0.00207518343813717	  0.00238903379067779	  0.00271275686100125	  0.00304511026479304	  0.00338504114188254	   0.0037316526286304	  0.00408417731523514	  0.00444195698946714	  0.00480442261323333	  0.00517108198255301	  0.00554150622338057	   0.0059153214097023	  0.00629219878464937
     6.04999999999999	  0.00017294853751082	 0.000322673178743571	 0.000506261712871492	 0.000718451570719481	 0.000954921590164304	  0.00121208420023322	  0.00148694938980043	  0.00177702133078128	  0.00208021164871752	  0.00239476887509227	  0.00271921954117715	  0.00305231893435121	  0.00339301209896803	  0.00374040054157376	  0.00409371592104435	   0.0044522974640131	  0.00481557659804821	  0.00518305925652385	  0.00555431609973311	  0.00592897227033973	  0.00630669854581356
     6.09999999999999	 0.000173529318999499	 0.000323637766996399	 0.000507674878463149	 0.000720368407201022	 0.000957389245741069	  0.00121514301281422	  0.00149063440039754	  0.00178136269096285	  0.00208523590117693	  0.00240049953572452	  0.00272567686624825	  0.00305952131748199	  0.00340097583830357	   0.0037491403054446	  0.00410324474796653	  0.00446262769401073	  0.00482671894133091	  0.00519502395763993	  0.00556711200624704	  0.00594260776415467	  0.00632118107751012
     6.14999999999999	 0.000174109925865196	  0.00032460197689943	 0.000509087403770536	 0.000722284312359989	 0.000959855562541634	   0.0012182000791654	  0.00149431696627289	  0.00178570114076138	  0.00209025666117668	   0.0024062255397439	  0.00273212883621454	  0.00306671764701605	  0.00340893259271979	  0.00375787215307355	  0.00411276472732425	  0.00447294814512134	  0.00483785010874271	  0.00520697562023997	  0.00557989394292235	  0.00595622789114714	  0.00633564731106162
     6.19999999999999	  0.00017469038721174	 0.000325565837556496	 0.000510499347001314	 0.000724199344404042	 0.000962320540565997	  0.00122125528287143	  0.00149799732025713	  0.00179003679659218	  0.00209527369588614	  0.00241194735281169	  0.00273857591673732	  0.00307390792295337	  0.00341688259504735	  0.00376659608446062	  0.00412227585911751	  0.00448325835168362	  0.00484897056594491	  0.00521891564130783	  0.00559266284108162	  0.00596983358263969	  0.00635009817779064
     6.24999999999999	 0.000175270703039132	 0.000326529378071427	 0.000511910766363144	  0.00072611344512552	 0.000964784296229482	  0.00122430897317827	  0.00150167557876557	  0.00179436965845525	  0.00210028770379722	  0.00241766544058919	  0.00274501834064722	  0.00308109284378588	  0.00342482607811689	  0.00377531279809773	  0.00413177907466888	  0.00449355924502015	   0.0048600803129375	  0.00523084402084351	  0.00560541870072484	  0.00598342576995492	  0.00636453321203589
     6.29999999999999	 0.000175850902451202	 0.000327492627548054	 0.000513321603648365	 0.000728026789147407	 0.000967246945947409	   0.0012273610336706	  0.00150535174179822	  0.00179869995918125	  0.00210529821924865	   0.0024233793374151	  0.00275145610794425	  0.00308827240951359	   0.0034327635075897	  0.00378402252681553	  0.00414127390831709	  0.00450385129079223	  0.00487117981538177	  0.00524276169016957	  0.00561816245317459	  0.00599700398743153	  0.00637895427644253
     6.34999999999999	 0.000176430999999866	 0.000328455615090206	 0.000514731975272298	 0.000729939376469702	 0.000969708431512117	  0.00123041158076376	   0.0015090259257704	  0.00180302781518549	  0.00211030594073236	  0.00242908974178135	  0.00275788945145905	  0.00309544685296714	  0.00344069511629641	  0.00379272550344467	   0.0041507612913847	  0.00451413495466113	  0.00488227047026157	  0.00525466818362474	  0.00563089456409216	  0.00601057009771466	  0.00639336090534925
     6.39999999999999	 0.000177010995685123	 0.000329418340697885	 0.000516141881234944	 0.000731851207092404	 0.000972168985754251	  0.00123346084728837	  0.00151269836351275	  0.00180735334288329	  0.00211531086824834	   0.0024347968865186	  0.00276431883685291	  0.00310261663980782	  0.00344862113706768	  0.00380142219364643	    0.004160241689533	  0.00452441023662686	  0.00489335134625435	  0.00526656489819288	  0.00564361596480012	  0.00602412363514304	  0.00640775449573994
     6.44999999999999	 0.000177590904058889	  0.00033038086257875	 0.000517551437951624	 0.000733762455638498	  0.00097462855046615	  0.00123650871682912	  0.00151636905502528	   0.0018116767751053	   0.0021203130017966	  0.00244050053879619	  0.00277074426412582	  0.00310978153720498	  0.00345654156990349	  0.00381011259742081	   0.0041697146371007	  0.00453467760235071	  0.00490442384034395	  0.00527845183387399	  0.00565632618963718	  0.00603766506537795	  0.00642213504761457
     6.49999999999998	 0.000178170739673078	 0.000331343151628971	 0.000518960587214679	 0.000735673122107983	 0.000977087300270796	  0.00123955542221665	  0.00152003823313862	  0.00181599811185151	  0.00212531257420778	  0.00244620116427541	  0.00277716619893909	   0.0031169424764812	  0.00346445734612644	  0.00381879741325974	  0.00417918153107166	  0.00454493798315525	  0.00491548795253038	  0.00529032992199063	  0.00566902616992593	  0.00605119578540325	  0.00643650349229574
     6.54999999999998	 0.000178750531631522	  0.00033230529516004	 0.000520369387231767	 0.000737583206500858	 0.000979545176960528	  0.00124260107986629	  0.00152370589785278	  0.00182031758595258	  0.00213030981831253	  0.00245189899578691	  0.00278358440846205	  0.00312409899197519	  0.00347236800007522	  0.00382747664116323	  0.00418864144012332	  0.00455519091337919	  0.00492654414847493	  0.00530219869688153	  0.00568171637132764	  0.00606471579521894	  0.00645086029544473
     6.59999999999998	 0.000179330265382305	 0.000333267264068127	 0.000521777896210551	 0.000739492767024785	 0.000982002355158329	  0.00124564557336271	  0.00152737204916775	   0.0018246351974085	  0.00213530473411083	  0.00245759380050004	    0.002789999358356	  0.00313125178217888	  0.00348027446307242	  0.00383615051396191	  0.00419809622690082	  0.00456543732434511	  0.00493759289383888	  0.00531405908986926	  0.00569439772516489	  0.00607822509482503	  0.00646520592272282
     6.64999999999998	 0.000179909984581172	 0.000334229116560891	 0.000523186114151031	 0.000741401920095086	 0.000984458834864199	  0.00124868925195187	  0.00153103703632951	  0.00182895117904991	  0.00214029755443335	  0.00246328627690673	  0.00279641128145158	  0.00313840084709227	  0.00348817626945674	  0.00384481949731708	  0.00420754496008158	  0.00457567721605301	  0.00494863418862224	   0.0053259115666151	   0.0057070697657764	  0.00609172508120537	  0.00647954037413001
     6.69999999999998	 0.000180489689228125	 0.000335190881742164	 0.000524594157468528	 0.000743310665711761	  0.00098691473249346	  0.00125173188280314	  0.00153470085933805	  0.00183326564729214	  0.00214528851211071	  0.00246897619217634	   0.0028028201777488	  0.00314554641954601	  0.00349607435055077	  0.00385348382405937	  0.00421698810532689	  0.00458591105416417	  0.00495966896414757	  0.00533775659278035	  0.00571973342448473	  0.00610521575435996	  0.00649386504665017
     6.74999999999998	 0.000181069379323162	 0.000336152530508116	 0.000526001967955381	 0.000745219062082469	 0.000989370048046112	  0.00125477381516248	  0.00153836351819336	   0.0018375787185505	  0.00215027760714293	  0.00247466401197016	  0.00280922651290894	  0.00315268873237073	  0.00350396847352386	  0.00386214372701943	  0.00422642659395933	  0.00459613930433989	  0.00497069722041488	    0.005349594168365	  0.00573238963261247	  0.00611869757995009	   0.0065081799402833
     6.79999999999998	 0.000181649083970115	 0.000337114121066406	 0.000527409603819251	 0.000747127109207213	 0.000991824781522155	  0.00125781504902989	  0.00154202524572611	  0.00184189039282501	  0.00215526507236063	  0.00248034973628819	  0.00281563028693199	  0.00315982801839709	  0.00351185910403728	  0.00387079967185855	  0.00423585996031761	  0.00460636196658015	  0.00498171942308545	  0.00536142522469163	  0.00574503745883703	  0.00613217055797577	  0.00652248598635197
     6.84999999999998	 0.000182228803168982	 0.000338075682520866	 0.000528817065060139	 0.000749034923501313	 0.000994279165752232	  0.00126085558440536	  0.00154568604193628	  0.00184620090294629	  0.00216025090776384	  0.00248603336513042	  0.00282203149981797	  0.00316696451045573	  0.00351974624209106	  0.00387945142574608	  0.00424528913572431	  0.00461657950654626	  0.00499273557215929	  0.00537324976176023	  0.00575767876580358	  0.00614563608542085	  0.00653678271919489
     6.89999999999998	 0.000182808566023596	 0.000339037185767666	 0.000530224468093365	 0.000750942504964769	 0.000996733200736344	  0.00126389553770423	   0.0015493460232392	  0.00185051036532968	  0.00216523534618318	  0.00249171536415815	  0.00282843085005879	  0.00317409844137728	  0.00352763035334647	  0.00388809968717396	  0.00425471412017941	  0.00462679238989949	  0.00500374659895897	  0.00538506824523211	  0.00577031308785081	  0.00615909416228533	  0.00655107153579593
     6.94999999999998	 0.000183388357982039	 0.000339998718118295	 0.000531631812918931	 0.000752849911805242	  0.00099918688647449	  0.00126693502534181	  0.00155300518963486	  0.00185481877997518	   0.0021702186204493	  0.00249739573337138	  0.00283482787199318	  0.00318122981116176	  0.00353551167063415	  0.00389674468897283	  0.00426413491368294	  0.00463700061663985	  0.00501475250348449	  0.00539688067510724	  0.00578294089064002	  0.00617254478856921	  0.00656535243615508
     6.99999999999998	 0.000183968208148144	 0.000340960250468925	 0.000533039099536836	 0.000754757202230394	  0.00100164033938199	  0.00126997416373342	  0.00155666389036924	  0.00185912626329809	  0.00217520049773157	  0.00250307447277009	  0.00284122326411307	  0.00318835908547044	  0.00354339019395411	  0.00390538643114269	  0.00427355244755745	  0.00464720465242863	  0.00502575375139713	  0.00540868798270822	   0.0057955626398325	  0.00618598936125636	  0.00657962635159492


