                 V_V2	             Id(M1)@1	             Id(M1)@2	             Id(M1)@3	             Id(M1)@4	             Id(M1)@5
                    0	 1.0100000263219e-012	 2.0100000223261e-012	3.01000001833029e-012	4.00999979749406e-012	5.00999979349825e-012
                 0.05	 1.0100000263219e-012	 2.0100000223261e-012	3.01000001833029e-012	4.00999979749406e-012	5.00999979349825e-012
                  0.1	 1.0100000263219e-012	 2.0100000223261e-012	3.01000001833029e-012	4.00999979749406e-012	5.00999979349825e-012
                 0.15	 1.0100000263219e-012	 2.0100000223261e-012	3.01000001833029e-012	4.00999979749406e-012	5.00999979349825e-012
                  0.2	 1.0100000263219e-012	 2.0100000223261e-012	3.01000001833029e-012	4.00999979749406e-012	5.00999979349825e-012
                 0.25	 1.0100000263219e-012	 2.0100000223261e-012	3.01000001833029e-012	4.00999979749406e-012	5.00999979349825e-012
                  0.3	 1.0100000263219e-012	 2.0100000223261e-012	3.01000001833029e-012	4.00999979749406e-012	5.00999979349825e-012
                 0.35	 1.0100000263219e-012	 2.0100000223261e-012	3.01000001833029e-012	4.00999979749406e-012	5.00999979349825e-012
                  0.4	 1.0100000263219e-012	 2.0100000223261e-012	3.01000001833029e-012	4.00999979749406e-012	5.00999979349825e-012
                 0.45	 1.0100000263219e-012	 2.0100000223261e-012	3.01000001833029e-012	4.00999979749406e-012	5.00999979349825e-012
                  0.5	 1.0100000263219e-012	 2.0100000223261e-012	3.01000001833029e-012	4.00999979749406e-012	5.00999979349825e-012
                 0.55	 1.0100000263219e-012	 2.0100000223261e-012	3.01000001833029e-012	4.00999979749406e-012	1.44762148934774e-008
                  0.6	 1.5014289544979e-007	6.21847959791921e-007	1.25803285300208e-006	2.00291310648026e-006	  2.832834070432e-006
                 0.65	3.16215050588653e-006	4.97702603752259e-006	6.79662207403453e-006	8.64114190335386e-006	1.05232902569696e-005
                  0.7	1.00194811238907e-005	1.34689662445453e-005	 1.6720594430808e-005	1.98946072487161e-005	2.30493133130949e-005
                 0.75	2.06770528166089e-005	2.60522465396207e-005	3.07796326524112e-005	3.51273811247665e-005	3.93691916542593e-005
                  0.8	3.38614954671357e-005	4.06464750994928e-005	4.67087447759695e-005	5.24327842867933e-005	5.79878396820277e-005
                 0.85	4.90048551000655e-005	5.76944912609179e-005	6.53814859106205e-005	7.26019279682077e-005	 7.9585071944166e-005
                  0.9	6.64367325953208e-005	7.71966952015646e-005	8.66380214574747e-005	 9.5471870736219e-005	 0.000103994309029076
                 0.95	 8.6021980678197e-005	9.90182961686514e-005	 0.000110340784885921	  0.00012090152449673	 0.000131070570205338
                    1	 0.000107641564682126	 0.000123040226753801	 0.000136367700179107	 0.000148765175254084	 0.000160684241564013
                 1.05	 0.000131187989609316	 0.000149154991959222	 0.000164608150953427	  0.00017894858319778	  0.00019271727069281
                  1.1	 0.000156562600750476	 0.000177263966179453	 0.000194960433873348	 0.000211346516152844	 0.000227060707402416
                 1.15	 0.000183673648280092	 0.000207275690627284	 0.000227330092457123	 0.000245861068833619	 0.000263613095739856
                  1.2	 0.000212435144931078	 0.000239104687352665	 0.000261628738371655	 0.000282400549622253	 0.000302279251627624
                 1.25	 0.000242765905568376	 0.000272670586127788	 0.000297773163765669	 0.000320878549246117	 0.000342969520715997
                  1.3	 0.000274588936008513	 0.000307897542370483	 0.000335684831952676	 0.000361213402356952	 0.000385599094443023
                 1.35	 0.000307830836391076	 0.000344713684171438	 0.000375289237126708	 0.000403327750973403	 0.000430087500717491
                  1.4	 0.000342421553796157	 0.000383050821255893	 0.000416515686083585	 0.000447147962404415	  0.00047635831288062
                 1.45	 0.000378293887479231	 0.000422844052081928	 0.000459296890767291	  0.00049260415835306	 0.000524338742252439
                  1.5	 0.000415383226936683	 0.000464031647425145	 0.000503568851854652	 0.000539629545528442	 0.000573959550820291
                 1.55	 0.000453627435490489	  0.00050655473023653	 0.000549270422197878	 0.000588160706683993	 0.000625154585577548
                  1.6	 0.000492966442834586	 0.000550357217434794	 0.000596343481447548	 0.000638136931229383	  0.00067786080762744
                 1.65	 0.000533342128619552	 0.000595385557971895	 0.000644732324872166	 0.000689500360749662	 0.000732018030248582
                  1.7	   0.0005746980314143	  0.00064158852910623	 0.000694383983500302	 0.000742195814382285	 0.000787568744271994
                 1.75	 0.000616979144979268	 0.000688917411025614	   0.0007452477584593	 0.000796170381363481	 0.000844458118081093
                  1.8	 0.000660131685435772	 0.000737325521185994	 0.000797275279182941	 0.000851373770274222	 0.000902633706573397
                 1.85	 0.000704102742020041	 0.000786768330726773	 0.000850420328788459	  0.00090775778517127	 0.000962045392952859
                  1.9	 0.000748840102460235	 0.000837203289847821	 0.000904638669453561	 0.000965276383794844	  0.00102264527231455
                 1.95	 0.000794291670899838	 0.000888589769601822	 0.000959888217039406	  0.00102388567756861	  0.00108438776805997
                    2	 0.000840405293274671	 0.000940888829063624	  0.00101612857542932	  0.00108354352414608	  0.00114722887519747
                 2.05	 0.000887127942405641	 0.000994063448160887	  0.00107332121115178	  0.00114420987665653	  0.00121112714987248
                  2.1	 0.000934405135922134	  0.00104807794559747	  0.00113142933696508	  0.00120584631804377	  0.00127604231238365
                 2.15	 0.000982180004939437	   0.0011028986191377	  0.00119041767902672	  0.00126841606106609	  0.00134193641133606
                  2.2	  0.00103039166424423	  0.00115849287249148	  0.00125025259330869	  0.00133188418112695	  0.00140877289231867
                 2.25	  0.00107897387351841	  0.00121482962276787	  0.00131090194918215	  0.00139621691778302	  0.00147651683073491
                  2.3	  0.00112785154487938	  0.00127187941689044	  0.00137233489658684	   0.0014613822568208	  0.00154513469897211
                 2.35	  0.00117693655192852	  0.00132961373310536	  0.00143452209886163	  0.00152734958101064	   0.0016145947156474
                  2.4	  0.00122611946426332	  0.00138800556305796	  0.00149743538349867	  0.00159408955369145	  0.00168486626353115
                 2.45	    0.001275256392546	  0.00144702871330082	  0.00156104774214327	  0.00166157400235534	  0.00175592012237757
                  2.5	  0.00132413930259645	  0.00150665850378573	  0.00162533356342465	  0.00172977591864765	  0.00182772835250944
                 2.55	  0.00137242884375155	   0.0015668710693717	  0.00169026805087924	  0.00179866992402822	  0.00190026417840272
                  2.6	  0.00141944875940681	  0.00162764359265566	  0.00175582768861204	  0.00186823098920286	   0.0019735018722713
                 2.65	  0.00146349414717406	  0.00168895442038774	  0.00182198989205062	   0.0019384358311072	  0.00204741698689759
                  2.7	  0.00150597305037081	  0.00175078259781003	  0.00188873300794512	  0.00200926186516881	  0.00212198588997126
                 2.75	  0.00154815602581948	  0.00181310810148716	  0.00195603631436825	  0.00208068732172251	  0.00219718599691987
                  2.8	  0.00159005343448371	  0.00187591172289103	  0.00202388013713062	  0.00215269136242568	  0.00227299612015486
                 2.85	   0.0016316749388352	  0.00193917518481612	  0.00209224526770413	  0.00222525442950428	  0.00234939530491829
                  2.9	  0.00167302985209972	  0.00200288067571819	  0.00216111354529858	   0.0022983574308455	  0.00242636352777481
                 2.95	  0.00171412678901106	  0.00206701154820621	  0.00223046727478504	  0.00237198197282851	  0.00250388216227293
                    3	  0.00175497401505709	  0.00213155150413513	  0.00230029015801847	  0.00244611082598567	   0.0025819328147918
                 3.05	  0.00179557933006436	  0.00219648494385183	  0.00237056612968445	  0.00252072676084936	  0.00266049802303314
                  3.1	   0.0018359498353675	  0.00226179673336446	  0.00244127935729921	   0.0025958139449358	  0.00273956102319062
                 3.15	  0.00187609274871647	  0.00232747290283442	   0.0025124151725322	  0.00267135701142251	  0.00281910574994981
                  3.2	   0.0019160145893693	  0.00239349971525371	  0.00258395983837545	  0.00274734105914831	  0.00289911637082696
                 3.25	  0.00195572152733803	  0.00245986343361437	  0.00265589915215969	  0.00282375165261328	  0.00297957868315279
                  3.3	  0.00199521984905005	  0.00252655171789229	  0.00272822030819952	  0.00290057552047074	  0.00306047778576612
                 3.35	  0.00203451467677951	  0.00259355246089399	  0.00280091096647084	  0.00297779915854335	  0.00314180040732026
                  3.4	  0.00207361206412315	    0.002660853555426	  0.00287395855411887	  0.00305540999397635	  0.00322353304363787
                 3.45	  0.00211251666769385	  0.00272844405844808	  0.00294735189527273	  0.00313339591957629	  0.00330566335469484
                  3.5	  0.00215123360976577	  0.00279631279408932	  0.00302107958123088	  0.00321174506098032	  0.00338817900046706
                 3.55	  0.00218976777978241	  0.00286444928497076	  0.00309513113461435	  0.00329044670797884	  0.00347106833942235
                  3.6	  0.00222812336869538	  0.00293284351937473	  0.00316949607804418	  0.00336948968470097	  0.00355431996285915
                 3.65	  0.00226630480028689	  0.00300148595124483	  0.00324416439980268	  0.00344886374659836	  0.00363792316056788
     3.69999999999999	  0.00230431626550853	  0.00307036680169404	  0.00331912678666413	  0.00352855864912272	  0.00372186745516956
     3.74999999999999	  0.00234216172248125	  0.00313947745598853	   0.0033943741582334	  0.00360856484621763	  0.00380614283494651
     3.79999999999999	  0.00237984512932599	  0.00320880906656384	  0.00346989720128477	  0.00368887325748801	  0.00389073928818107
     3.84999999999999	  0.00241736974567175	  0.00327835301868618	  0.00354568753391504	  0.00376947480253875	  0.00397564796730876
     3.89999999999999	  0.00245473929680884	  0.00334810162894428	  0.00362173723988235	  0.00385036109946668	  0.00406085979193449
     3.94999999999999	  0.00249195727519691	  0.00341804651543498	  0.00369803817011416	  0.00393152330070734	   0.0041463659144938
     3.99999999999999	  0.00252902670763433	  0.00348818046040833	  0.00377458287402987	  0.00401295395568013	  0.00423215795308352
     4.04999999999999	  0.00256595085375011	  0.00355849601328373	  0.00385136366821826	  0.00409464491531253	  0.00431822752580047
     4.09999999999999	  0.00260273274034262	  0.00362898618914187	  0.00392837356775999	  0.00417658919468522	  0.00440456764772534
     4.14999999999999	  0.00263937516137958	  0.00369964400306344	   0.0040056062862277	  0.00425877934321761	  0.00449117040261626
     4.19999999999999	  0.00267588091082871	  0.00377046316862106	  0.00408305460587144	  0.00434120837599039	  0.00457802880555391
     4.24999999999999	  0.00271225278265774	  0.00384143693372607	  0.00416071200743318	  0.00442386977374554	   0.0046651354059577
     4.29999999999999	  0.00274849310517311	  0.00391255924478173	  0.00423857290297747	  0.00450675701722503	   0.0047524836845696
     4.34999999999999	  0.00278460490517318	  0.00398382358253002	  0.00431663123890758	  0.00458986358717084	  0.00484006712213159
     4.39999999999999	  0.00282059004530311	  0.00405522529035807	  0.00439488096162677	  0.00467318389564753	  0.00492787919938564
     4.44999999999999	  0.00285645131953061	  0.00412675738334656	   0.0044733164831996	  0.00475671235471964	  0.00501591386273503
     4.49999999999999	  0.00289219082333148	  0.00419841520488262	  0.00455193314701319	  0.00484044244512916	   0.0051041659899056
     4.54999999999999	  0.00292781088501215	   0.0042701936326921	  0.00463072489947081	  0.00492436904460192	  0.00519262859597802
     4.59999999999999	  0.00296331336721778	  0.00434208661317825	  0.00470968708395958	  0.00500848703086376	  0.00528129749000072
     4.64999999999999	  0.00299870036542416	   0.0044140899553895	  0.00478881550952792	  0.00509279174730182	  0.00537016615271568
     4.69999999999999	  0.00303397420793772	  0.00448619807139039	   0.0048681041225791	  0.00517727760598063	  0.00545922992751002
     4.74999999999999	  0.00306913652457297	  0.00455840677022934	   0.0049475496634841	  0.00526193995028734	  0.00554848415777087
     4.79999999999999	   0.0031041894108057	  0.00463071092963219	  0.00502714747563004	  0.00534677458927035	  0.00563792372122407
     4.84999999999999	  0.00313913426361978	  0.00470310635864735	  0.00510689243674278	  0.00543177640065551	  0.00572754396125674
     4.89999999999999	  0.00317397341132164	  0.00477558886632323	  0.00518678175285459	  0.00551694165915251	  0.00581734022125602
     4.94999999999999	  0.00320870825089514	  0.00484815379604697	  0.00526681030169129	  0.00560226570814848	  0.00590730784460902
     4.99999999999999	  0.00324334064498544	  0.00492079742252827	   0.0053469748236239	  0.00568774482235312	  0.00599744357168674


