                 V_V1	             ID(M1)@1	             ID(M1)@2	             ID(M1)@3	             ID(M1)@4	             ID(M1)@5	             ID(M1)@6
                    0	                    0	                    0	                    0	                    0	                    0	                    0
                 0,05	5,85531175953911e-014	2,63460588030284e-005	7,49292084947228e-005	 0,000115335518785287	 0,000152013642946258	 0,000186325123650022
                  0,1	1,09790655570836e-013	4,82380200992338e-005	 0,000146480320836417	 0,000227671131142415	 0,000301248859614134	 0,000370025110896677
                 0,15	1,59969707294073e-013	6,57152995700017e-005	 0,000214678308111615	 0,000337028264766559	 0,000447725178673863	 0,000551118282601237
                  0,2	2,09995622236711e-013	7,88139586802572e-005	 0,000279545987723395	 0,000443426542915404	 0,000591460557188839	 0,000729621504433453
                 0,25	2,59999378797449e-013	8,75671539688483e-005	 0,000341104430845007	 0,000546884024515748	 0,000732471467927098	 0,000905550143215805
                  0,3	3,09999991171886e-013	9,18564983294345e-005	 0,000399373035179451	 0,000647417444270104	 0,000870773161295801	  0,00107891857624054
                 0,35	3,60000007235128e-013	9,37392032938078e-005	 0,000454369815997779	 0,000745042169000953	  0,00100637972354889	  0,00124974001664668
                  0,4	4,09999996193317e-013	9,52351838350296e-005	 0,000506111595313996	 0,000839772750623524	  0,00113930436782539	  0,00141802674625069
                 0,45	4,59999985151505e-013	9,65605140663683e-005	 0,000554614001885057	 0,000931622460484505	  0,00126955937594175	  0,00158379029016942
                  0,5	5,09999974109693e-013	9,77818344836123e-005	 0,000599891762249172	  0,00102060404606164	  0,00139715615659952	   0,0017470414750278
                 0,55	 5,6000001727799e-013	9,89303589449264e-005	 0,000641958671621978	  0,00110672926530242	  0,00152210565283895	  0,00190779031254351
                  0,6	6,10000006236178e-013	 0,000100023768027313	  0,00068082771031186	  0,00119000929407775	   0,0016444178763777	  0,00206604646518826
                 0,65	6,59999995194366e-013	 0,000101073288533371	 0,000716511101927608	   0,0012704546097666	   0,0017641024896875	  0,00222181878052652
                  0,7	7,09999984152554e-013	 0,000102086603874341	 0,000749020429793745	  0,00134807522408664	  0,00188116845674813	  0,00237511587329209
                 0,75	7,59999973110742e-013	 0,000103069243778009	 0,000778366753365844	  0,00142288045026362	  0,00199562450870872	  0,00252594565972686
                  0,8	8,10000016279039e-013	 0,000104025413747877	 0,000802196154836565	  0,00149487913586199	  0,00210747867822647	  0,00267431582324207
                 0,85	8,60000005237227e-013	 0,000104958351585083	 0,000814971455838531	   0,0015640800120309	  0,00221673888154328	  0,00282023381441832
                  0,9	9,10000048405524e-013	  0,00010587066935841	 0,000824656221084297	  0,00163049099501222	  0,00232341233640909	  0,00296370615251362
                 0,95	9,59999983153603e-013	 0,000106764484371524	 0,000832951162010431	  0,00169411988463253	  0,00242750602774322	  0,00310473958961666
                    1	 1,0100000263219e-012	 0,000107641564682126	 0,000840405293274671	  0,00175497401505709	  0,00252902670763433	  0,00324334064498544
                 1,05	1,05999996106998e-012	 0,000108503387309611	 0,000847279618028551	  0,00181306048762053	  0,00262798089534044	  0,00337951490655541
                  1,1	1,11000000423828e-012	 0,000109351232822519	 0,000853722391184419	  0,00186838593799621	  0,00272437487728894	  0,00351326842792332
                 1,15	1,16000004740657e-012	 0,000110186192614492	  0,00085982761811465	  0,00190638634376228	  0,00281821400858462	  0,00364460679702461
                  1,2	1,20999998215465e-012	 0,000111009227111936	 0,000865659210830927	  0,00193048210348934	  0,00290950457565486	  0,00377353490330279
                 1,25	1,26000002532295e-012	 0,000111821180325933	  0,00087126309517771	  0,00195011962205172	  0,00299825146794319	  0,00390005833469331
                  1,3	1,30999996007103e-012	 0,000112622787128203	 0,000876673555467278	  0,00196732394397259	  0,00308446027338505	  0,00402418151497841
                 1,35	1,36000000323933e-012	 0,000113414724182803	 0,000881917017977685	  0,00198293710127473	  0,00316523713991046	  0,00414590956643224
                  1,4	1,41000004640762e-012	 0,000114197580842301	 0,000887014379259199	  0,00199740473181009	  0,00321417511440814	  0,00426524644717574
                 1,45	 1,4599999811557e-012	 0,000114971902803518	 0,000891982461325824	  0,00201099738478661	  0,00325011112727225	  0,00438219727948308
                  1,5	  1,510000024324e-012	 0,000115738177555613	 0,000896835117600858	  0,00202389364130795	  0,00328038237057626	  0,00449676578864455
                 1,55	1,55999995907208e-012	 0,000116496841656044	 0,000901583873201162	  0,00203621829859912	  0,00330727314576507	  0,00458967918530107
                  1,6	1,61000000224037e-012	 0,000117248309834395	 0,000906238507013768	  0,00204806355759501	  0,00333185330964625	  0,00464787520468235
                 1,65	1,66000004540867e-012	 0,000117992953164503	 0,000910807284526527	  0,00205949880182743	  0,00335472635924816	  0,00469437940046191
                  1,7	1,70999998015675e-012	 0,000118731113616377	 0,000915297481697053	  0,00207057851366699	  0,00337627273984253	  0,00473469868302345
                 1,75	1,76000002332505e-012	 0,000119463111332152	 0,000919715210329741	  0,00208134623244405	  0,00339674996212125	  0,00477103190496564
                  1,8	1,80999995807313e-012	 0,000120189237350132	 0,000924066000152379	  0,00209183688275516	  0,00341634219512343	  0,00480452459305525
                 1,85	1,86000000124142e-012	 0,000120909768156707	 0,000928354682400823	  0,00210208026692271	  0,00343518680892885	  0,00483586173504591
                  1,9	 1,9099999359895e-012	 0,000121624958410393	 0,000932585564441979	    0,002112100366503	  0,00345338857732713	   0,0048654917627573
                 1,95	1,96000008757802e-012	 0,000122335040941834	 0,000936762487981468	  0,00212191813625395	  0,00347103085368872	  0,00489372760057449
                    2	 2,0100000223261e-012	 0,000123040226753801	 0,000940888829063624	  0,00213155150413513	  0,00348818046040833	  0,00492079742252827
                 2,05	2,05999995707418e-012	 0,000123740755952895	 0,000944967789109796	  0,00214101560413837	  0,00350489164702594	   0,0049468744546175
                  2,1	2,10999989182226e-012	 0,000124436788610183	 0,000949002045672387	  0,00215032417327166	  0,00352121028117836	  0,00497209234163165
                 2,15	2,16000004341077e-012	 0,000125128528452478	 0,000952994276303798	  0,00215948885306716	  0,00353717454709113	  0,00499655865132809
                  2,2	2,20999997815885e-012	 0,000125816150102764	 0,000956946809310466	  0,00216851988807321	  0,00355281657539308	  0,00502035999670625
                 2,25	2,25999991290693e-012	 0,000126499799080193	 0,000960861740168184	  0,00217742659151554	  0,00356816477142274	  0,00504356762394309
                  2,3	2,31000006449544e-012	 0,000127179650007747	 0,000964741047937423	  0,00218621757812798	  0,00358324334956706	  0,00506624253466725
                 2,35	2,35999999924352e-012	 0,000127855833852664	 0,000968586537055671	  0,00219490006566048	  0,00359807349741459	  0,00508843408897519
                  2,4	 2,4099999339916e-012	  0,00012852851068601	 0,000972399895545095	   0,0022034808062017	  0,00361267384141684	   0,0051101865246892
                 2,45	2,46000008558012e-012	 0,000129197767819278	  0,00097618269501254	  0,00221196585334837	   0,0036270609125495	  0,00513153662905097
                  2,5	 2,5100000203282e-012	  0,00012986377987545	 0,000979936448857188	  0,00222036056220531	  0,00364124937914312	  0,00515251746401191
                 2,55	2,55999995507628e-012	 0,000130526634166017	 0,000983662321232259	  0,00222867052070796	  0,00365525274537504	  0,00517315790057182
                  2,6	2,61000010666479e-012	 0,000131186461658217	 0,000987361650913954	  0,00223689991980791	  0,00366908241994679	  0,00519348215311766
                 2,65	2,66000004141287e-012	 0,000131843349663541	 0,000991035718470812	  0,00224505318328738	  0,00368274957872927	  0,00521351350471377
                  2,7	2,70999997616095e-012	  0,00013249741459731	 0,000994685455225408	  0,00225313426926732	  0,00369626353494823	  0,00523327151313424
                 2,75	2,75999991090903e-012	 0,000133148758322932	 0,000998312025330961	  0,00226114667020738	  0,00370963360182941	  0,00525277433916926
                  2,8	2,81000006249754e-012	 0,000133797468151897	  0,00100191636011004	  0,00226909387856722	  0,00372286746278405	  0,00527203781530261
                 2,85	2,85999999724562e-012	 0,000134443631395698	  0,00100549927446991	  0,00227697915397584	   0,0037359728012234	  0,00529107730835676
                  2,9	 2,9099999319937e-012	 0,000135087335365824	  0,00100906181614846	  0,00228480505757034	  0,00374895636923611	  0,00530990492552519
                 2,95	2,96000008358221e-012	 0,000135728667373769	  0,00101260468363762	  0,00229257461614907	  0,00376182445324957	  0,00532853370532393
                    3	3,01000001833029e-012	 0,000136367700179107	  0,00101612857542932	  0,00230029015801847	  0,00377458287402987	   0,0053469748236239
                 3,05	3,05999995307837e-012	 0,000137004521093331	  0,00101963430643082	  0,00230795424431562	  0,00378723698668182	  0,00536523805931211
                  3,1	3,11000010466689e-012	 0,000137639188324101	  0,00102312269154936	  0,00231556897051632	  0,00379979168064892	  0,00538333272561431
                 3,15	3,16000003941497e-012	 0,000138271774630994	  0,00102659419644624	  0,00232313643209636	  0,00381225207820535	  0,00540126767009497
                  3,2	3,20999997416305e-012	   0,0001389023673255	  0,00103004940319806	  0,00233065849170089	  0,00382462213747203	  0,00541905080899596
                 3,25	3,25999990891113e-012	 0,000139531010063365	  0,00103348912671208	  0,00233813747763634	  0,00383690581656992	  0,00543668959289789
                  3,3	3,31000006049964e-012	 0,000140157761052251	  0,00103691383264959	  0,00234557455405593	  0,00384910730645061	  0,00545419100672007
                 3,35	3,35999999524772e-012	 0,000140782693051733	  0,00104032398667187	  0,00235297158360481	  0,00386123009957373	  0,00547156156972051
                  3,4	 3,4099999299958e-012	 0,000141405878821388	  0,00104372017085552	  0,00236033019609749	  0,00387327745556831	  0,00548880686983466
                 3,45	3,46000008158431e-012	 0,000142027347465046	  0,00104710285086185	  0,00236765202134848	  0,00388525240123272	  0,00550593296065927
                  3,5	3,51000001633239e-012	 0,000142647157190368	  0,00105047249235213	  0,00237493822351098	  0,00389715796336532	  0,00552294496446848
                 3,55	3,55999995108047e-012	 0,000143265366205014	  0,00105382956098765	  0,00238219019956887	  0,00390899740159512	  0,00553984753787518
                  3,6	3,61000010266899e-012	 0,000143882032716647	   0,0010571745224297	    0,002389409346506	  0,00392077257856727	  0,00555664580315351
                 3,65	3,65999982057663e-012	 0,000144497200381011	  0,00106050784233958	  0,00239659659564495	  0,00393248675391078	  0,00557334395125508
     3,69999999999999	3,71000018900558e-012	 0,000145110912853852	  0,00106382975354791	  0,00240375334396958	  0,00394414179027081	  0,00558994570747018
     3,74999999999999	3,76000012375366e-012	 0,000145723228342831	  0,00106714060530066	  0,00241088075563312	  0,00395574001595378	  0,00560645572841167
     3,79999999999999	3,81000005850174e-012	 0,000146334161399864	  0,00107044097967446	  0,00241797952912748	  0,00396728422492743	  0,00562287727370858
     3,84999999999999	3,85999999324982e-012	 0,000146943799336441	  0,00107373122591525	  0,00242505106143653	  0,00397877534851432	  0,00563921360298991
     3,89999999999999	 3,9099999279979e-012	 0,000147552142152563	  0,00107701146043837	  0,00243209628388286	  0,00399021664634347	  0,00565546797588468
     3,94999999999999	3,95999986274598e-012	 0,000148159262607805	   0,0010802821489051	  0,00243911589495838	  0,00400160858407617	  0,00567164411768317
     3,99999999999999	4,00999979749406e-012	 0,000148765175254084	  0,00108354352414608	  0,00244611082598567	  0,00401295395568013	  0,00568774482235312
     4,04999999999999	4,06000016592301e-012	 0,000149369923747145	   0,0010867960518226	  0,00245308177545667	  0,00402425415813923	  0,00570377241820097
     4,09999999999999	4,11000010067109e-012	 0,000149973566294648	  0,00109003984834999	  0,00246003014035523	  0,00403551058843732	  0,00571973016485572
     4,14999999999999	4,16000003541916e-012	 0,000150576117448509	   0,0010932752629742	  0,00246695592068136	  0,00404672464355826	  0,00573562039062381
     4,19999999999999	4,20999997016724e-012	 0,000151177620864473	  0,00109650264494121	  0,00247386051341891	   0,0040578986518085	  0,00575144542381167
     4,24999999999999	4,25999990491532e-012	 0,000151778105646372	  0,00109972211066633	  0,00248074438422918	  0,00406903307884932	  0,00576720805838704
     4,29999999999999	 4,3099998396634e-012	  0,00015237761544995	  0,00110293400939554	   0,0024876082316041	  0,00408012978732586	  0,00578291015699506
     4,34999999999999	4,36000020809235e-012	 0,000152976164827123	  0,00110613857395947	  0,00249445252120495	  0,00409119017422199	  0,00579855358228087
     4,39999999999999	4,41000014284043e-012	 0,000153573797433637	  0,00110933603718877	  0,00250127818435431	  0,00410221517086029	  0,00581414112821221
     4,44999999999999	4,46000007758851e-012	 0,000154170542373322	  0,00111252663191408	   0,0025080859195441	  0,00411320570856333	  0,00582967419177294
     4,49999999999999	4,51000001233659e-012	 0,000154766443301924	  0,00111571059096605	  0,00251487595960498	  0,00412416364997625	  0,00584515510126948
     4,54999999999999	4,55999994708467e-012	 0,000155361500219442	  0,00111888803075999	  0,00252164923585951	  0,00413508992642164	  0,00586058478802443
     4,59999999999999	4,60999988183275e-012	 0,000155955756781623	  0,00112205930054188	  0,00252840598113835	  0,00414598546922207	  0,00587596604600549
     4,64999999999999	4,65999981658083e-012	 0,000156549242092296	  0,00112522463314235	  0,00253514689393342	  0,00415685074403882	  0,00589130027219653
     4,69999999999999	4,71000018500978e-012	 0,000157141985255294	  0,00112838402856141	  0,00254187267273664	  0,00416768807917833	  0,00590658839792013
     4,74999999999999	4,76000011975786e-012	 0,000157734015374444	  0,00113153783604503	  0,00254858355037868	  0,00417849700897932	  0,00592183275148273
     4,79999999999999	4,81000005450594e-012	 0,000158325347001664	  0,00113468628842384	  0,00255528022535145	  0,00418927939608693	  0,00593703472986817
     4,84999999999999	4,85999998925402e-012	 0,000158916009240784	  0,00113782938569784	  0,00256196293048561	  0,00420003570616245	  0,00595219526439905
     4,89999999999999	 4,9099999240021e-012	 0,000159506031195633	  0,00114096736069769	  0,00256863236427307	  0,00421076687052846	  0,00596731575205922
     4,94999999999999	4,95999985875017e-012	 0,000160095441970043	  0,00114410056266934	  0,00257528899237514	  0,00422147428616881	  0,00598239805549383
     4,99999999999999	5,00999979349825e-012	 0,000160684241564013	  0,00114722887519747	   0,0025819328147918	  0,00423215795308352	  0,00599744357168674
     5,04999999999999	 5,0600001619272e-012	 0,000161272473633289	  0,00115035276394337	  0,00258856476284564	  0,00424281880259514	  0,00601245276629925
     5,09999999999999	5,11000009667528e-012	 0,000161860167281702	  0,00115347211249173	  0,00259518506936729	  0,00425345776602626	  0,00602742750197649
     5,14999999999999	5,16000003142336e-012	 0,000162447322509252	  0,00115658715367317	   0,0026017939671874	  0,00426407577469945	  0,00604236824437976
     5,19999999999999	5,20999996617144e-012	 0,000163033968419768	  0,00115969812031835	  0,00260839215479791	    0,004274673294276	   0,0060572768561542
     5,24999999999999	5,25999990091952e-012	 0,000163620134117082	  0,00116280512884259	  0,00261497963219881	  0,00428525079041719	   0,0060721542686224
     5,29999999999999	 5,3099998356676e-012	 0,000164205834153108	  0,00116590841207653	  0,00262155709788203	  0,00429580919444561	  0,00608700141310692
     5,34999999999999	5,36000020409655e-012	 0,000164791097631678	  0,00116900785360485	  0,00262812478467822	  0,00430634943768382	  0,00610181922093034
     5,39999999999999	5,41000013884463e-012	 0,000165375939104706	  0,00117210380267352	  0,00263468292541802	  0,00431687198579311	  0,00611660862341523
     5,44999999999999	5,46000007359271e-012	 0,000165960358572192	  0,00117519625928253	  0,00264123198576272	  0,00432737683877349	  0,00613137055188417
     5,49999999999999	5,51000000834079e-012	 0,000166544399689883	  0,00117828557267785	  0,00264777219854295	  0,00433786539360881	  0,00614610640332103
     5,54999999999999	5,55999994308887e-012	 0,000167128077009693	  0,00118137162644416	  0,00265430402942002	  0,00434833765029907	  0,00616081664338708
     5,59999999999999	5,60999987783695e-012	 0,000167711405083537	   0,0011844546534121	  0,00266082747839391	  0,00435879500582814	   0,0061755022034049
     5,64999999999999	5,65999981258503e-012	 0,000168294413015246	    0,001187534769997	  0,00266734324395657	  0,00436923699453473	  0,00619016401469707
     5,69999999999999	5,71000018101397e-012	 0,000168877086252905	  0,00119061197619885	  0,00267385132610798	  0,00437966454774141	  0,00620480300858617
     5,74999999999999	5,76000011576205e-012	 0,000169459483004175	  0,00119368662126362	  0,00268035219050944	  0,00439007859677076	  0,00621941965073347
     5,79999999999999	5,81000005051013e-012	  0,00017004158871714	  0,00119675870519131	  0,00268684606999159	  0,00440047914162278	  0,00623401533812284
     5,84999999999999	5,85999998525821e-012	 0,000170623432495631	  0,00119982822798193	  0,00269333319738507	  0,00441086664795876	  0,00624859007075429
     5,89999999999999	5,90999992000629e-012	 0,000171205043443479	  0,00120289553888142	  0,00269981380552053	  0,00442124158143997	  0,00626314524561167
     5,94999999999999	5,95999985475437e-012	 0,000171786407008767	  0,00120596052147448	  0,00270628836005926	  0,00443160487338901	  0,00627768132835627
     5,99999999999999	6,00999978950245e-012	 0,000172367581399158	  0,00120902329217643	  0,00271275686100125	  0,00444195698946714	  0,00629219878464937
     6,04999999999999	 6,0600001579314e-012	  0,00017294853751082	  0,00121208420023322	  0,00271921954117715	   0,0044522974640131	  0,00630669854581356
     6,09999999999999	6,11000009267948e-012	 0,000173529318999499	  0,00121514301281422	  0,00272567686624825	  0,00446262769401073	  0,00632118107751012
     6,14999999999999	6,16000002742756e-012	 0,000174109925865196	   0,0012182000791654	  0,00273212883621454	  0,00447294814512134	  0,00633564731106162
     6,19999999999999	6,20999996217564e-012	  0,00017469038721174	  0,00122125528287143	  0,00273857591673732	  0,00448325835168362	  0,00635009817779064
     6,24999999999999	6,25999989692372e-012	 0,000175270703039132	  0,00122430897317827	  0,00274501834064722	  0,00449355924502015	  0,00636453321203589
     6,29999999999999	 6,3099998316718e-012	 0,000175850902451202	   0,0012273610336706	  0,00275145610794425	  0,00450385129079223	  0,00637895427644253
     6,34999999999999	6,36000020010075e-012	 0,000176430999999866	  0,00123041158076376	  0,00275788945145905	  0,00451413495466113	  0,00639336090534925
     6,39999999999999	6,41000013484883e-012	 0,000177010995685123	  0,00123346084728837	  0,00276431883685291	  0,00452441023662686	  0,00640775449573994
     6,44999999999999	6,46000006959691e-012	 0,000177590904058889	  0,00123650871682912	  0,00277074426412582	  0,00453467760235071	  0,00642213504761457
     6,49999999999998	6,51000000434498e-012	 0,000178170739673078	  0,00123955542221665	  0,00277716619893909	  0,00454493798315525	  0,00643650349229574
     6,54999999999998	6,55999993909306e-012	 0,000178750531631522	  0,00124260107986629	  0,00278358440846205	  0,00455519091337919	  0,00645086029544473
     6,59999999999998	6,60999987384114e-012	 0,000179330265382305	  0,00124564557336271	    0,002789999358356	  0,00456543732434511	  0,00646520592272282
     6,64999999999998	6,65999980858922e-012	 0,000179909984581172	  0,00124868925195187	  0,00279641128145158	  0,00457567721605301	  0,00647954037413001
     6,69999999999998	6,71000017701817e-012	 0,000180489689228125	  0,00125173188280314	   0,0028028201777488	  0,00458591105416417	  0,00649386504665017
     6,74999999999998	6,76000011176625e-012	 0,000181069379323162	  0,00125477381516248	  0,00280922651290894	  0,00459613930433989	   0,0065081799402833
     6,79999999999998	6,81000004651433e-012	 0,000181649083970115	  0,00125781504902989	  0,00281563028693199	  0,00460636196658015	  0,00652248598635197
     6,84999999999998	6,85999998126241e-012	 0,000182228803168982	  0,00126085558440536	  0,00282203149981797	  0,00461657950654626	  0,00653678271919489
     6,89999999999998	6,90999991601049e-012	 0,000182808566023596	  0,00126389553770423	  0,00282843085005879	  0,00462679238989949	  0,00655107153579593
     6,94999999999998	6,95999985075857e-012	 0,000183388357982039	  0,00126693502534181	  0,00283482787199318	  0,00463700061663985	  0,00656535243615508
     6,99999999999998	7,00999978550665e-012	 0,000183968208148144	  0,00126997416373342	  0,00284122326411307	  0,00464720465242863	  0,00657962635159492


